a 592697 9,0649
i 538798 8,2405
o 511359 7,8209
e 509224 7,7882
n 370290 5,6633
z 345915 5,2905
r 334641 5,1181
w 303371 4,6399
s 286356 4,3796
t 268785 4,1109
c 253771 3,8813
y 239099 3,6569
k 226483 3,4639
d 219706 3,3603
p 208083 3,1825
m 177040 2,7077
u 158190 2,4194
j 151126 2,3114
l 150694 2,3048
ł 104402 1,5968
g 94318 1,4425
b 89665 1,3714
h 70778 1,0825
ę 62487 0,9557
ą 59341 0,9076
ó 55880 0,8546
ż 46258 0,7075
ś 31109 0,4758
f 30935 0,4731
ć 20919 0,3199
ń 13847 0,2118
v 5612 0,0858
ź 3474 0,0531
x 2785 0,0426
q 939 0,0144
6538377
