ie 148880 2,7175
ni 118828 2,1690
st 73964 1,3501
po 72868 1,3301
ow 72435 1,3221
na 71189 1,2994
an 65949 1,2038
ze 62109 1,1337
cz 61688 1,1260
ra 61077 1,1148
pr 60459 1,1036
ch 59059 1,0780
rz 58533 1,0684
ro 56345 1,0285
wi 54942 1,0029
wa 52699 0,9619
ia 51408 0,9383
zy 49883 0,9105
za 49491 0,9034
ta 48266 0,8810
ki 45933 0,8384
dz 45721 0,8345
er 43694 0,7975
od 43504 0,7941
ar 43407 0,7923
mi 42809 0,7814
en 42438 0,7746
ko 42356 0,7731
on 40415 0,7377
sz 39882 0,7280
li 38960 0,7111
ej 38859 0,7093
or 37900 0,6918
ka 37533 0,6851
do 37310 0,6810
ac 37186 0,6788
zi 36787 0,6715
yc 35753 0,6526
te 35089 0,6405
sk 34603 0,6316
ał 34282 0,6257
go 33827 0,6174
ci 33400 0,6096
ne 33330 0,6084
to 33229 0,6065
wy 33215 0,6063
os 32404 0,5915
je 31899 0,5822
si 31779 0,5801
re 31760 0,5797
eg 30935 0,5647
ny 30818 0,5625
in 30157 0,5505
al 30005 0,5477
ię 28868 0,5269
ty 28305 0,5166
es 28265 0,5159
em 28204 0,5148
ic 28157 0,5139
at 27516 0,5022
ów 27511 0,5022
ed 26527 0,4842
ad 26044 0,4754
le 26032 0,4752
ak 25910 0,4729
ma 25837 0,4716
tr 25702 0,4691
ol 25339 0,4625
ła 24338 0,4442
no 23951 0,4372
aw 23722 0,4330
cj 23566 0,4301
ec 22524 0,4111
zn 21863 0,3991
am 21781 0,3976
ja 21725 0,3965
da 21701 0,3961
la 21673 0,3956
wo 20786 0,3794
as 20725 0,3783
ło 20571 0,3755
aj 20183 0,3684
ym 20125 0,3673
el 20025 0,3655
we 19475 0,3555
is 19399 0,3541
mo 19341 0,3530
ek 18897 0,3449
kt 18572 0,3390
ce 18485 0,3374
sp 18466 0,3371
ob 18365 0,3352
nt 18208 0,3323
ku 18173 0,3317
om 18027 0,3290
ry 17425 0,3181
cy 17041 0,3110
ot 16986 0,3100
pi 16974 0,3098
zo 16873 0,3080
pa 16799 0,3066
ys 16546 0,3020
że 16336 0,2982
ok 16243 0,2965
by 15875 0,2898
tu 15867 0,2896
de 15849 0,2893
ez 15828 0,2889
az 14906 0,2721
ws 14902 0,2720
ją 14797 0,2701
ik 14761 0,2694
dn 14667 0,2677
oc 14614 0,2667
op 14393 0,2627
tó 14052 0,2565
ji 13794 0,2518
ur 13674 0,2496
gr 13033 0,2379
oś 12913 0,2357
ąc 12346 0,2254
dy 12335 0,2251
io 12192 0,2225
oz 11941 0,2180
et 11897 0,2172
ln 11716 0,2139
bi 11697 0,2135
ru 11695 0,2135
śc 11624 0,2122
us 11497 0,2099
ór 11406 0,2082
tw 11390 0,2079
sa 10944 0,1998
me 10936 0,1996
kr 10789 0,1969
wn 10488 0,1914
lo 10386 0,1896
pe 10227 0,1867
ró 10077 0,1839
og 10029 0,1831
im 10013 0,1828
so 9996 0,1825
ył 9988 0,1823
ły 9947 0,1816
ba 9868 0,1801
ga 9866 0,1801
rt 9706 0,1772
ęd 9554 0,1744
ew 9533 0,1740
oj 9514 0,1737
ił 9496 0,1733
ią 9473 0,1729
bo 9354 0,1707
il 9229 0,1685
yn 9224 0,1684
yk 9207 0,1681
ca 9057 0,1653
yw 9031 0,1648
ls 9027 0,1648
ud 8967 0,1637
rs 8823 0,1610
zą 8771 0,1601
mu 8740 0,1595
uj 8506 0,1553
se 8376 0,1529
tk 8374 0,1528
ap 8364 0,1527
yt 8311 0,1517
iu 8275 0,1510
js 8268 0,1509
zw 8257 0,1507
un 8136 0,1485
fi 8071 0,1473
lu 8047 0,1469
ri 7979 0,1456
br 7951 0,1451
ii 7946 0,1450
gi 7907 0,1443
be 7650 0,1396
nd 7578 0,1383
it 7528 0,1374
ać 7485 0,1366
nk 7471 0,1364
co 7443 0,1359
ńs 7394 0,1350
iz 7313 0,1335
sł 7295 0,1332
yd 7284 0,1330
nc 7272 0,1327
du 7183 0,1311
uc 7045 0,1286
ho 6931 0,1265
my 6875 0,1255
oł 6807 0,1242
tn 6736 0,1230
um 6654 0,1215
ha 6647 0,1213
ut 6644 0,1213
oż 6610 0,1207
rc 6597 0,1204
fo 6587 0,1202
rw 6557 0,1197
rm 6543 0,1194
dr 6451 0,1177
ag 6430 0,1174
rn 6426 0,1173
łu 6370 0,1163
nn 6344 0,1158
sy 6278 0,1146
yj 6244 0,1140
ży 6161 0,1125
ns 6108 0,1115
ję 6007 0,1096
ąd 5984 0,1092
eż 5950 0,1086
bę 5917 0,1080
rd 5847 0,1067
uk 5841 0,1066
ks 5831 0,1064
jn 5771 0,1053
zk 5753 0,1050
pu 5656 0,1032
gł 5632 0,1028
ab 5621 0,1026
iw 5612 0,1024
sc 5600 0,1022
ań 5577 0,1018
uż 5554 0,1014
aż 5525 0,1008
bl 5509 0,1006
di 5492 0,1002
ep 5470 0,0998
zu 5395 0,0985
dl 5381 0,0982
su 5347 0,0976
ul 5200 0,0949
ęc 5181 0,0946
ną 5158 0,0941
kó 5157 0,0941
ub 5138 0,0938
pl 4979 0,0909
zc 4961 0,0906
au 4929 0,0900
lk 4906 0,0895
ju 4898 0,0894
bu 4862 0,0887
yb 4751 0,0867
zł 4746 0,0866
zd 4709 0,0860
ti 4688 0,0856
eś 4671 0,0853
wc 4644 0,0848
rg 4640 0,0847
łe 4595 0,0839
nu 4558 0,0832
tę 4326 0,0790
ck 4293 0,0784
eb 4207 0,0768
fe 4201 0,0767
zm 4172 0,0762
zp 4140 0,0756
zę 4117 0,0751
ug 4093 0,0747
nf 4072 0,0743
ść 4058 0,0741
pó 4048 0,0739
eu 3961 0,0723
of 3874 0,0707
św 3870 0,0706
żn 3807 0,0695
id 3793 0,0692
ge 3786 0,0691
yp 3785 0,0691
sj 3761 0,0686
ir 3743 0,0683
yl 3737 0,0682
dw 3609 0,0659
up 3608 0,0659
kc 3601 0,0657
kl 3595 0,0656
zj 3521 0,0643
wł 3467 0,0633
zt 3434 0,0627
ef 3431 0,0626
dc 3411 0,0623
ół 3398 0,0620
ng 3388 0,0618
ić 3360 0,0613
uz 3348 0,0611
jo 3332 0,0608
rk 3311 0,0604
mó 3288 0,0600
są 3285 0,0600
eń 3219 0,0588
yg 3210 0,0586
hi 3183 0,0581
sw 3161 0,0577
dł 3134 0,0572
ds 3099 0,0566
fa 3094 0,0565
ód 3092 0,0564
wr 3081 0,0562
ea 3034 0,0554
śn 3026 0,0552
ęp 3019 0,0551
ża 3014 0,0550
só 3002 0,0548
ig 2998 0,0547
yz 2998 0,0547
kł 2955 0,0539
zb 2955 0,0539
gu 2931 0,0535
wó 2903 0,0530
dk 2894 0,0528
gl 2888 0,0527
ąz 2873 0,0524
yć 2857 0,0521
zg 2856 0,0521
ńc 2816 0,0514
śl 2746 0,0501
mp 2742 0,0500
ęk 2719 0,0496
af 2710 0,0495
mn 2702 0,0493
ęt 2701 0,0493
db 2699 0,0493
kż 2539 0,0463
eł 2510 0,0458
ip 2507 0,0458
gd 2499 0,0456
ób 2494 0,0455
he 2376 0,0434
ką 2369 0,0432
łó 2366 0,0432
dą 2358 0,0430
żo 2357 0,0430
fr 2356 0,0430
pn 2355 0,0430
oi 2351 0,0429
ai 2348 0,0429
ąt 2307 0,0421
cu 2291 0,0418
kw 2287 0,0417
śr 2281 0,0416
gn 2277 0,0416
łn 2232 0,0407
jm 2219 0,0405
ua 2205 0,0402
zr 2165 0,0395
lt 2145 0,0392
cn 2144 0,0391
iś 2135 0,0390
iż 2122 0,0387
wą 2117 0,0386
dp 2088 0,0381
oń 2084 0,0380
gó 2061 0,0376
tą 2053 0,0375
yr 2052 0,0375
pł 2024 0,0369
nę 1990 0,0363
wz 1952 0,0356
ib 1937 0,0354
rę 1922 0,0351
ll 1856 0,0339
hc 1825 0,0333
fu 1798 0,0328
có 1784 0,0326
ij 1773 0,0324
py 1767 0,0323
ól 1765 0,0322
lą 1752 0,0320
łk 1748 0,0319
aś 1649 0,0301
óc 1627 0,0297
łą 1617 0,0295
ld 1616 0,0295
ęł 1610 0,0294
yś 1603 0,0293
bn 1596 0,0291
yń 1588 0,0290
wk 1582 0,0289
rl 1574 0,0287
ps 1568 0,0286
sn 1563 0,0285
śm 1552 0,0283
hn 1549 0,0283
cą 1528 0,0279
sm 1523 0,0278
rp 1503 0,0274
uw 1503 0,0274
kę 1494 0,0273
hu 1464 0,0267
oo 1460 0,0266
bs 1415 0,0258
wę 1386 0,0253
lę 1381 0,0252
wp 1374 0,0251
ei 1370 0,0250
jd 1368 0,0250
uł 1363 0,0249
pc 1354 0,0247
ct 1348 0,0246
ąg 1344 0,0245
ou 1342 0,0245
ve 1319 0,0241
nó 1306 0,0238
wd 1296 0,0237
mb 1292 0,0236
vi 1292 0,0236
dó 1290 0,0235
rą 1266 0,0231
yż 1250 0,0228
jw 1248 0,0228
ke 1241 0,0227
eo 1238 0,0226
żl 1220 0,0223
ąż 1218 0,0222
iń 1215 0,0222
ss 1204 0,0220
óż 1204 0,0220
ęs 1181 0,0216
jc 1176 0,0215
ió 1171 0,0214
ął 1171 0,0214
ue 1163 0,0212
lm 1133 0,0207
ms 1133 0,0207
yf 1116 0,0204
ęś 1115 0,0204
hr 1114 0,0203
ój 1110 0,0203
dm 1101 0,0201
ąp 1089 0,0199
źn 1067 0,0195
eć 1055 0,0193
żs 1045 0,0191
tt 1030 0,0188
va 1029 0,0188
dj 1028 0,0188
ae 1022 0,0187
rb 1016 0,0185
ęz 1013 0,0185
th 1008 0,0184
dę 989 0,0181
ęż 980 0,0179
żd 979 0,0179
dd 949 0,0173
wu 948 0,0173
kn 936 0,0171
sh 906 0,0165
pt 902 0,0165
ęg 895 0,0163
gą 893 0,0163
mk 892 0,0163
żą 886 0,0162
uo 878 0,0160
rr 875 0,0160
lc 868 0,0158
mc 866 0,0158
iv 849 0,0155
aź 842 0,0154
sl 842 0,0154
ml 839 0,0153
łp 837 0,0153
dź 819 0,0149
wt 816 0,0149
qu 800 0,0146
dż 783 0,0143
ee 780 0,0142
aa 752 0,0137
av 748 0,0137
jś 746 0,0136
oa 744 0,0136
źd 736 0,0134
zl 728 0,0133
ąs 728 0,0133
łę 726 0,0133
tv 723 0,0132
ah 710 0,0130
bc 710 0,0130
żk 710 0,0130
zó 699 0,0128
hw 681 0,0124
mł 678 0,0124
bó 677 0,0124
ąć 671 0,0122
jk 663 0,0121
rł 663 0,0121
ęć 663 0,0121
cę 650 0,0119
gę 648 0,0118
fl 639 0,0117
jb 639 0,0117
tl 636 0,0116
mę 632 0,0115
ov 630 0,0115
jl 620 0,0113
wś 610 0,0111
lb 609 0,0111
if 602 0,0110
jó 597 0,0109
żb 597 0,0109
cr 588 0,0107
ts 580 0,0106
oh 573 0,0105
hy 569 0,0104
gh 554 0,0101
eź 553 0,0101
gm 549 0,0100
tł 549 0,0100
mm 538 0,0098
óź 536 0,0098
ęb 531 0,0097
gw 528 0,0096
oe 524 0,0096
sf 523 0,0095
ay 521 0,0095
dt 521 0,0095
bł 514 0,0094
ex 511 0,0093
łc 511 0,0093
nw 510 0,0093
ht 507 0,0093
pk 505 0,0092
ft 500 0,0091
tz 500 0,0091
ff 497 0,0091
tc 493 0,0090
ót 492 0,0090
zs 477 0,0087
łb 474 0,0087
cl 472 0,0086
cł 462 0,0084
pę 459 0,0084
bą 458 0,0084
nz 458 0,0084
jr 453 0,0083
żu 449 0,0082
cc 440 0,0080
hę 438 0,0080
łt 434 0,0079
lw 433 0,0079
bk 430 0,0078
nr 427 0,0078
hó 419 0,0076
km 411 0,0075
jp 400 0,0073
ós 400 0,0073
rż 398 0,0073
lg 390 0,0071
óg 390 0,0071
ęl 390 0,0071
tp 384 0,0070
sę 381 0,0070
ao 378 0,0069
hm 375 0,0068
pp 373 0,0068
ev 372 0,0068
np 371 0,0068
tf 363 0,0066
tm 351 0,0064
ph 350 0,0064
ey 347 0,0063
ya 341 0,0062
bj 340 0,0062
uś 335 0,0061
mą 333 0,0061
uf 332 0,0061
ui 330 0,0060
ww 324 0,0059
vo 323 0,0059
xi 323 0,0059
óz 321 0,0059
fy 319 0,0058
żc 312 0,0057
px 300 0,0055
vp 299 0,0055
hł 296 0,0054
yo 294 0,0054
wl 291 0,0053
mt 289 0,0053
oć 284 0,0052
ye 284 0,0052
fg 271 0,0049
vn 266 0,0049
źr 263 0,0048
sb 261 0,0048
dg 258 0,0047
zz 255 0,0047
łd 255 0,0047
nż 254 0,0046
sr 252 0,0046
ix 251 0,0046
hl 245 0,0045
mf 234 0,0043
xv 228 0,0042
łg 228 0,0042
cs 226 0,0041
bw 220 0,0040
ux 218 0,0040
ly 216 0,0039
tb 214 0,0039
nl 212 0,0039
eh 211 0,0039
ló 208 0,0038
nh 208 0,0038
xp 203 0,0037
bb 201 0,0037
oź 200 0,0037
xx 199 0,0036
kk 194 0,0035
mr 193 0,0035
rf 191 0,0035
nb 185 0,0034
rć 184 0,0034
sd 173 0,0032
cm 171 0,0031
pz 171 0,0031
gz 169 0,0031
łs 167 0,0030
wg 166 0,0030
źć 163 0,0030
gt 161 0,0029
lf 161 0,0029
xt 161 0,0029
bp 159 0,0029
kg 159 0,0029
mw 158 0,0029
źl 156 0,0028
źw 155 0,0028
ky 150 0,0027
ox 150 0,0027
jt 149 0,0027
lp 149 0,0027
źb 148 0,0027
ąk 147 0,0027
cb 146 0,0027
rv 144 0,0026
śp 142 0,0026
hs 141 0,0026
źm 141 0,0026
kh 135 0,0025
lv 129 0,0024
łm 128 0,0023
gs 124 0,0023
uń 123 0,0022
kp 116 0,0021
ąb 115 0,0021
oy 113 0,0021
wb 111 0,0020
fm 109 0,0020
lh 109 0,0020
uh 109 0,0020
ax 108 0,0020
hd 108 0,0020
gg 104 0,0019
ęź 104 0,0019
łż 103 0,0019
xa 102 0,0019
żi 102 0,0019
yi 100 0,0018
bd 98 0,0018
df 95 0,0017
ćw 94 0,0017
cd 92 0,0017
ih 91 0,0017
śb 91 0,0017
wj 90 0,0016
yu 89 0,0016
źc 89 0,0016
dv 88 0,0016
fn 87 0,0016
hp 87 0,0016
fc 86 0,0016
ćm 86 0,0016
jg 85 0,0016
iq 84 0,0015
kb 83 0,0015
md 83 0,0015
gy 82 0,0015
sv 82 0,0015
ęw 82 0,0015
bm 81 0,0015
dh 80 0,0015
wh 80 0,0015
gp 79 0,0014
ók 79 0,0014
rh 76 0,0014
gb 74 0,0014
lż 72 0,0013
fó 69 0,0013
pw 69 0,0013
uv 69 0,0013
pą 68 0,0012
zh 68 0,0012
żę 67 0,0012
pd 65 0,0012
td 65 0,0012
uu 65 0,0012
kś 63 0,0011
nj 63 0,0011
yź 63 0,0011
cp 61 0,0011
nm 61 0,0011
sg 61 0,0011
vd 61 0,0011
tj 60 0,0011
łf 60 0,0011
pm 58 0,0011
uy 58 0,0011
vl 58 0,0011
xe 57 0,0010
mś 55 0,0010
aq 52 0,0009
mg 52 0,0009
łz 52 0,0009
fs 50 0,0009
xm 50 0,0009
dś 49 0,0009
gk 49 0,0009
pg 48 0,0009
vs 48 0,0009
nv 47 0,0009
hk 46 0,0008
kd 46 0,0008
wm 46 0,0008
ćb 46 0,0008
lj 45 0,0008
eó 44 0,0008
lz 43 0,0008
uć 42 0,0008
ćf 42 0,0008
hś 41 0,0007
pb 40 0,0007
fę 39 0,0007
iy 38 0,0007
lr 38 0,0007
mh 38 0,0007
ńk 38 0,0007
kf 35 0,0006
yh 35 0,0006
żó 35 0,0006
bh 34 0,0006
qa 34 0,0006
rj 34 0,0006
tg 34 0,0006
vy 34 0,0006
fk 33 0,0006
mz 33 0,0006
fą 32 0,0006
iź 32 0,0006
sq 32 0,0006
vu 32 0,0006
ąś 32 0,0006
bt 31 0,0006
eq 31 0,0006
fp 31 0,0006
uź 31 0,0006
hb 30 0,0005
łr 30 0,0005
łw 30 0,0005
fd 29 0,0005
mż 29 0,0005
xb 29 0,0005
ąw 28 0,0005
hz 27 0,0005
vm 27 0,0005
vr 27 0,0005
cq 26 0,0005
eą 26 0,0005
ql 26 0,0005
wf 25 0,0005
ćd 25 0,0005
gf 24 0,0004
gj 24 0,0004
jz 24 0,0004
pj 24 0,0004
eę 23 0,0004
pf 22 0,0004
hv 21 0,0004
jf 20 0,0004
óp 20 0,0004
cf 19 0,0003
dx 19 0,0003
łł 19 0,0003
bz 18 0,0003
jż 18 0,0003
rś 18 0,0003
vą 18 0,0003
gc 17 0,0003
bf 16 0,0003
fw 16 0,0003
xf 16 0,0003
xo 16 0,0003
cg 15 0,0003
fb 15 0,0003
rq 15 0,0003
vc 15 0,0003
xl 15 0,0003
lń 14 0,0003
śk 14 0,0003
jj 13 0,0002
jł 13 0,0002
qt 13 0,0002
źs 13 0,0002
źń 13 0,0002
jh 12 0,0002
kv 12 0,0002
mj 12 0,0002
mv 12 0,0002
qi 12 0,0002
vb 12 0,0002
hą 11 0,0002
pv 11 0,0002
zx 11 0,0002
ón 11 0,0002
bg 10 0,0002
cw 10 0,0002
xy 10 0,0002
óm 10 0,0002
ćk 10 0,0002
żm 10 0,0002
żw 10 0,0002
bv 9 0,0002
hf 9 0,0002
nq 9 0,0002
vg 9 0,0002
vk 9 0,0002
xu 9 0,0002
yv 9 0,0002
zv 9 0,0002
cx 8 0,0001
jń 8 0,0001
xc 8 0,0001
zś 8 0,0001
bq 7 0,0001
hż 7 0,0001
nx 7 0,0001
oq 7 0,0001
ńb 7 0,0001
fz 6 0,0001
hh 6 0,0001
kz 6 0,0001
lx 6 0,0001
uę 6 0,0001
vf 6 0,0001
vw 6 0,0001
xd 6 0,0001
xn 6 0,0001
yy 6 0,0001
ćs 6 0,0001
żż 6 0,0001
5478583
