a 56338930 9,0703
i 50608426 8,1477
o 49021758 7,8923
e 46589900 7,5008
n 35911665 5,7816
r 32669236 5,2596
w 30622988 4,9302
z 30594403 4,9256
s 28048242 4,5156
c 24599794 3,9604
t 24330286 3,9171
k 22220205 3,5773
y 21837023 3,5157
d 19854537 3,1965
p 17713299 2,8518
m 17279052 2,7818
u 16569132 2,6676
l 15364251 2,4736
j 13725978 2,2098
ł 10965782 1,7654
g 10166763 1,6368
b 8400751 1,3525
h 8099676 1,3040
ą 5331135 0,8583
ę 5287584 0,8513
ó 5257714 0,8465
ż 3495845 0,5628
ś 3148845 0,5069
f 2770940 0,4461
ń 1361175 0,2191
ć 1204565 0,1939
v 848422 0,1366
ź 415178 0,0668
x 403569 0,0650
q 79404 0,0128
621136453
