ie 13873655 2,6733
ni 10403755 2,0047
st 7480068 1,4413
ow 7177524 1,3830
na 7140044 1,3758
an 6300875 1,2141
ch 6133266 1,1818
po 6114028 1,1781
cz 5655420 1,0897
ze 5445278 1,0492
ra 5348025 1,0305
ro 5330583 1,0271
rz 5326463 1,0263
wa 4855890 0,9357
ta 4748861 0,9151
ki 4671433 0,9001
mi 4650433 0,8961
ia 4583254 0,8831
wi 4565226 0,8797
er 4530897 0,8731
ar 4362369 0,8406
za 4312911 0,8310
od 4207105 0,8107
on 4194058 0,8081
pr 4167850 0,8031
ko 4043793 0,7792
ej 3981987 0,7673
zy 3847818 0,7414
sk 3753405 0,7232
ał 3640449 0,7015
en 3636401 0,7007
or 3522138 0,6787
sz 3503106 0,6750
do 3492595 0,6730
ac 3474488 0,6695
li 3417577 0,6585
ny 3412534 0,6576
ka 3397280 0,6546
dz 3268043 0,6297
go 3240953 0,6245
ne 3236122 0,6236
eg 3225284 0,6215
ci 3204855 0,6175
yc 3166403 0,6101
os 3098042 0,5970
wy 3097604 0,5969
si 3003647 0,5788
al 2996285 0,5773
to 2970704 0,5724
je 2881197 0,5552
in 2877855 0,5545
te 2842244 0,5477
re 2806638 0,5408
ic 2789090 0,5374
at 2754361 0,5307
em 2723896 0,5249
no 2703123 0,5209
es 2661188 0,5128
le 2659336 0,5124
wo 2528994 0,4873
ła 2514654 0,4845
ad 2513551 0,4843
zi 2508129 0,4833
ty 2503581 0,4824
la 2385892 0,4597
ię 2375689 0,4578
ol 2366940 0,4561
tr 2353648 0,4535
ma 2294979 0,4422
ów 2293400 0,4419
as 2209046 0,4257
ok 2200926 0,4241
ku 2149833 0,4142
zn 2109296 0,4064
is 2052249 0,3954
ak 2029719 0,3911
ec 2029240 0,3910
ym 2024916 0,3902
ed 2020633 0,3894
zo 1971698 0,3799
am 1930541 0,3720
el 1922897 0,3705
ry 1879056 0,3621
we 1872479 0,3608
da 1863396 0,3591
ło 1845659 0,3556
aj 1823699 0,3514
ce 1789608 0,3448
aw 1779814 0,3429
pi 1722418 0,3319
pa 1667555 0,3213
ja 1654535 0,3188
dn 1585904 0,3056
ek 1580569 0,3046
cj 1577888 0,3040
io 1573996 0,3033
ob 1548867 0,2984
om 1529915 0,2948
az 1452953 0,2800
gr 1447534 0,2789
mo 1447340 0,2789
ys 1428990 0,2753
ws 1425855 0,2747
tu 1409784 0,2716
de 1401645 0,2701
oś 1392837 0,2684
oc 1389441 0,2677
kt 1358018 0,2617
by 1344640 0,2591
ur 1338291 0,2579
nt 1337632 0,2577
ją 1320306 0,2544
kr 1317597 0,2539
ąc 1306650 0,2518
ot 1297782 0,2501
ez 1292722 0,2491
cy 1283370 0,2473
ru 1280552 0,2467
sp 1262771 0,2433
sa 1256381 0,2421
tw 1233880 0,2378
bi 1211670 0,2335
op 1211339 0,2334
śc 1210225 0,2332
lo 1198945 0,2310
me 1198341 0,2309
ik 1165625 0,2246
ył 1161651 0,2238
im 1161471 0,2238
ri 1150446 0,2217
dy 1138188 0,2193
ca 1131278 0,2180
yn 1100347 0,2120
et 1083558 0,2088
oz 1076998 0,2075
ln 1069146 0,2060
ud 1056655 0,2036
ró 1054682 0,2032
js 1052823 0,2029
ii 1051841 0,2027
lu 1023124 0,1971
us 1021641 0,1969
ho 1011126 0,1948
wn 993546 0,1914
ji 983650 0,1895
ór 981664 0,1892
rs 979283 0,1887
ga 971876 0,1873
oj 971698 0,1872
br 956077 0,1842
tó 950725 0,1832
ew 936811 0,1805
ły 931351 0,1795
gi 925221 0,1783
un 917617 0,1768
oł 909703 0,1753
se 900611 0,1735
il 894519 0,1724
ba 891418 0,1718
so 890665 0,1716
ił 886819 0,1709
sc 878550 0,1693
yw 867978 0,1672
yk 865174 0,1667
co 857913 0,1653
ha 845851 0,1630
rt 842844 0,1624
uj 834491 0,1608
nd 817772 0,1576
it 816372 0,1573
iu 816194 0,1573
zw 808364 0,1558
fi 799057 0,1540
bo 797956 0,1538
ią 790778 0,1524
mu 787273 0,1517
du 778796 0,1501
że 778743 0,1501
nk 762845 0,1470
og 755723 0,1456
zk 743038 0,1432
yt 736337 0,1419
be 736189 0,1419
rn 735750 0,1418
dr 730932 0,1408
pe 729448 0,1406
ńs 723632 0,1394
bu 716104 0,1380
łu 712050 0,1372
ut 711629 0,1371
ck 701615 0,1352
zą 696571 0,1342
tn 691609 0,1333
sy 686548 0,1323
nc 684536 0,1319
ls 680985 0,1312
rw 669344 0,1290
uk 662310 0,1276
ży 658730 0,1269
uc 655572 0,1263
um 648020 0,1249
pu 644806 0,1242
ks 635658 0,1225
eż 634129 0,1222
nn 625401 0,1205
tk 625102 0,1204
jn 614881 0,1185
sł 603878 0,1164
yj 597321 0,1151
rc 597095 0,1151
ag 587546 0,1132
ub 576724 0,1111
ap 574505 0,1107
au 560812 0,1081
ep 556144 0,1072
he 555083 0,1070
ab 555009 0,1069
ań 552578 0,1065
ns 550062 0,1060
iz 545865 0,1052
ng 545601 0,1051
ną 543014 0,1046
zc 541591 0,1044
ul 538846 0,1038
oż 534762 0,1030
di 531233 0,1024
ść 530685 0,1023
eś 527076 0,1016
su 515964 0,0994
hi 503828 0,0971
rd 501039 0,0965
pó 499668 0,0963
zt 483933 0,0932
rm 481848 0,0928
ęd 481824 0,0928
ug 478692 0,0922
yd 478185 0,0921
ge 469651 0,0905
zu 462740 0,0892
wc 457840 0,0882
tę 457050 0,0881
wó 454365 0,0876
ti 452997 0,0873
iw 449090 0,0865
jo 444681 0,0857
zę 437515 0,0843
ód 432445 0,0833
kl 427820 0,0824
ję 426195 0,0821
up 425431 0,0820
lk 423307 0,0816
uż 418214 0,0806
kó 416490 0,0803
id 412650 0,0795
ół 412258 0,0794
gł 409189 0,0788
dw 408464 0,0787
dł 404967 0,0780
nu 404723 0,0780
rg 399586 0,0770
dl 397808 0,0767
zm 396215 0,0763
ju 395648 0,0762
fo 393678 0,0759
gu 384856 0,0742
ig 383814 0,0740
ll 383569 0,0739
zd 382763 0,0738
ńc 382465 0,0737
yl 379212 0,0731
rk 378058 0,0728
pl 377615 0,0728
bl 371530 0,0716
ęp 371513 0,0716
aż 370789 0,0714
wr 370431 0,0714
eb 367195 0,0708
św 366819 0,0707
ęc 366502 0,0706
zb 365832 0,0705
fr 361488 0,0697
kc 355151 0,0684
yp 350161 0,0675
wł 344616 0,0664
my 343443 0,0662
żo 342215 0,0659
kł 339547 0,0654
zł 338382 0,0652
ir 337913 0,0651
gm 333765 0,0643
ąd 330668 0,0637
yb 330358 0,0637
cu 323164 0,0623
of 322143 0,0621
mp 322086 0,0621
ęt 321984 0,0620
żn 319282 0,0615
ea 318484 0,0614
uz 315348 0,0608
gl 303861 0,0586
łe 298342 0,0575
ką 296807 0,0572
eu 296249 0,0571
fa 295510 0,0569
śn 290790 0,0560
ża 289889 0,0559
fe 289118 0,0557
rę 286516 0,0552
oń 284173 0,0548
dc 283432 0,0546
zg 282023 0,0543
zp 281944 0,0543
pn 280031 0,0540
wz 276848 0,0533
th 276709 0,0533
ds 274120 0,0528
dk 273300 0,0527
af 272727 0,0526
ać 271578 0,0523
eń 270921 0,0522
zj 266063 0,0513
ai 261183 0,0503
vi 260140 0,0501
sw 260037 0,0501
ąt 256362 0,0494
gó 255857 0,0493
łn 255547 0,0492
gd 250119 0,0482
kw 249019 0,0480
pł 246979 0,0476
eł 245933 0,0474
łó 245807 0,0474
ąz 244146 0,0470
mn 239864 0,0462
ęk 237346 0,0457
śr 235331 0,0453
łk 231872 0,0447
wą 231507 0,0446
cn 230524 0,0444
yg 225538 0,0435
bs 225274 0,0434
są 224927 0,0433
śl 224332 0,0432
có 224119 0,0432
uł 223519 0,0431
hr 221428 0,0427
ól 220985 0,0426
ij 220295 0,0424
ip 220240 0,0424
hn 218193 0,0420
gn 216977 0,0418
eo 215257 0,0415
ei 214012 0,0412
ef 212376 0,0409
nę 206620 0,0398
só 206378 0,0398
ou 205215 0,0395
yr 204118 0,0393
sn 203053 0,0391
yz 201593 0,0388
łą 200682 0,0387
tą 198282 0,0382
rp 197555 0,0381
ss 194008 0,0374
jd 193266 0,0372
ve 193246 0,0372
sj 189292 0,0365
źn 189288 0,0365
kż 188622 0,0363
ął 188408 0,0363
ęś 185090 0,0357
dm 184399 0,0355
wk 184027 0,0355
yż 183199 0,0353
hu 180090 0,0347
ób 179504 0,0346
rl 179123 0,0345
lę 177467 0,0342
ib 176987 0,0341
rą 170364 0,0328
jm 168962 0,0326
ps 168737 0,0325
py 168493 0,0325
ke 166513 0,0321
ęs 165245 0,0318
oi 164727 0,0317
mb 164502 0,0317
fu 163516 0,0315
wę 162569 0,0313
pc 161538 0,0311
ct 160940 0,0310
lt 157319 0,0303
lm 155224 0,0299
ió 154455 0,0298
cą 152539 0,0294
lb 149235 0,0288
nó 148555 0,0286
ua 148109 0,0285
kę 147703 0,0285
rb 147194 0,0284
iń 146726 0,0283
bn 145906 0,0281
óc 145435 0,0280
ęg 145330 0,0280
tt 143774 0,0277
aś 143699 0,0277
sh 143555 0,0277
rr 143028 0,0276
iż 142022 0,0274
km 141415 0,0272
óż 140799 0,0271
ąg 140293 0,0270
dd 136466 0,0263
ld 135661 0,0261
dp 133649 0,0258
va 133391 0,0257
ęż 133267 0,0257
jc 132404 0,0255
mó 131224 0,0253
wu 127303 0,0245
ić 127026 0,0245
lc 126504 0,0244
ms 126496 0,0244
zr 124784 0,0240
dó 124705 0,0240
óź 123637 0,0238
ęz 122227 0,0236
yć 121770 0,0235
ąż 121653 0,0234
lą 121432 0,0234
sm 120496 0,0232
ue 119836 0,0231
db 119434 0,0230
iv 117600 0,0227
tl 115031 0,0222
pt 112275 0,0216
aź 112123 0,0216
oo 111996 0,0216
ąp 110147 0,0212
ae 107558 0,0207
ęł 107380 0,0207
żs 106521 0,0205
uw 105833 0,0204
ój 103671 0,0200
wp 103627 0,0200
źd 103547 0,0200
bę 103167 0,0199
jw 102279 0,0197
nf 101604 0,0196
av 99369 0,0191
oh 98083 0,0189
dą 97326 0,0188
ee 96600 0,0186
yf 96155 0,0185
ęb 95872 0,0185
ts 95080 0,0183
nr 94863 0,0183
żą 94740 0,0183
fl 93670 0,0180
zl 93067 0,0179
łc 91277 0,0176
yś 91120 0,0176
mc 89899 0,0173
oa 88900 0,0171
ay 88824 0,0171
ey 88599 0,0171
hy 87841 0,0169
śm 86467 0,0167
zó 85029 0,0164
ov 84771 0,0163
łę 83300 0,0161
mm 83058 0,0160
ąs 82718 0,0159
mę 82401 0,0159
hó 81305 0,0157
ah 81017 0,0156
xi 80872 0,0156
rł 80155 0,0154
iś 79648 0,0153
gw 78697 0,0152
mł 78472 0,0151
ui 78383 0,0151
yń 78368 0,0151
wd 78029 0,0150
tz 77060 0,0148
if 76726 0,0148
gę 75640 0,0146
mk 75552 0,0146
ph 74761 0,0144
lw 73401 0,0141
sr 73364 0,0141
ev 72922 0,0141
sl 72518 0,0140
jó 72009 0,0139
bó 71648 0,0138
łt 71620 0,0138
dę 70750 0,0136
oe 70403 0,0136
jś 69655 0,0134
kn 68938 0,0133
żu 67909 0,0131
vo 67510 0,0130
bą 66668 0,0128
żk 65918 0,0127
ya 64046 0,0123
cę 63864 0,0123
żl 63783 0,0123
ix 63611 0,0123
cr 63563 0,0122
zs 63465 0,0122
cl 63248 0,0122
aa 63222 0,0122
gh 62553 0,0121
wś 62384 0,0120
ót 61986 0,0119
qu 60160 0,0116
pę 59531 0,0115
dt 59033 0,0114
hw 58488 0,0113
gą 58132 0,0112
żd 57801 0,0111
nz 56622 0,0109
ht 56565 0,0109
pp 55959 0,0108
dg 55348 0,0107
ly 54387 0,0105
cm 54259 0,0105
dź 53106 0,0102
lg 53021 0,0102
tc 52877 0,0102
ós 52476 0,0101
xv 52330 0,0101
yo 52228 0,0101
rf 51641 0,0100
bk 51532 0,0099
dż 50784 0,0098
hc 50437 0,0097
ao 50011 0,0096
np 49168 0,0095
eź 49116 0,0095
lf 48992 0,0094
hl 48845 0,0094
ff 48808 0,0094
tł 48777 0,0094
jl 48184 0,0093
óz 47778 0,0092
sb 47344 0,0091
bł 47032 0,0091
sf 46122 0,0089
dj 45823 0,0088
bj 45697 0,0088
uf 44296 0,0085
wt 44002 0,0085
ye 43991 0,0085
żb 43492 0,0084
wl 43399 0,0084
ex 43193 0,0083
łp 43151 0,0083
xx 42712 0,0082
uo 42580 0,0082
cł 42466 0,0082
kk 42408 0,0082
nw 42225 0,0081
jk 42126 0,0081
nb 41910 0,0081
żc 38495 0,0074
oy 37598 0,0072
bc 37515 0,0072
jb 37477 0,0072
eh 36981 0,0071
lp 36474 0,0070
ęć 36474 0,0070
hm 35832 0,0069
tm 35817 0,0069
hł 35467 0,0068
nh 34964 0,0067
cc 34482 0,0066
łg 33535 0,0065
eć 32428 0,0062
bw 32305 0,0062
pk 32000 0,0062
ml 31687 0,0061
gc 31506 0,0061
ft 31272 0,0060
mt 31146 0,0060
mą 30387 0,0059
źr 29642 0,0057
gs 29332 0,0057
óg 28649 0,0055
jp 27440 0,0053
uś 27369 0,0053
gz 27281 0,0053
rv 27267 0,0053
nż 27185 0,0052
sę 26105 0,0050
ąć 25431 0,0049
zz 24252 0,0047
ęl 24215 0,0047
lv 23979 0,0046
rh 23782 0,0046
uń 23432 0,0045
jr 23240 0,0045
bb 22725 0,0044
lh 22725 0,0044
ąb 22697 0,0044
łd 22533 0,0043
ky 22401 0,0043
sd 22390 0,0043
rż 22314 0,0043
kp 21930 0,0042
kh 20823 0,0040
źw 20718 0,0040
nl 20713 0,0040
uh 20657 0,0040
gg 20482 0,0039
łm 20465 0,0039
mr 20449 0,0039
fc 20443 0,0039
yi 20393 0,0039
mf 20183 0,0039
gt 20055 0,0039
łż 20032 0,0039
tp 20023 0,0039
hs 19765 0,0038
mż 19732 0,0038
żę 19474 0,0038
oć 19464 0,0038
ax 19244 0,0037
ló 19059 0,0037
dh 19043 0,0037
tv 18263 0,0035
rć 17972 0,0035
ux 17954 0,0035
źb 17933 0,0035
tf 17825 0,0034
cs 17069 0,0033
fy 17017 0,0033
mw 16791 0,0032
ąk 16631 0,0032
kg 16585 0,0032
śp 16504 0,0032
ih 16077 0,0031
wh 15979 0,0031
hę 15896 0,0031
uv 15627 0,0030
gy 15511 0,0030
tb 15339 0,0030
ox 15261 0,0029
żó 14587 0,0028
xa 14254 0,0027
gb 14017 0,0027
nm 14014 0,0027
nj 14004 0,0027
yu 13715 0,0026
sv 13632 0,0026
oź 13112 0,0025
ón 13058 0,0025
zh 12865 0,0025
yź 12746 0,0025
lz 12614 0,0024
ćw 12090 0,0023
jt 11909 0,0023
wb 11848 0,0023
pą 11747 0,0023
cd 11712 0,0023
sg 11645 0,0022
pz 11525 0,0022
nv 11228 0,0022
bd 11194 0,0022
pg 11185 0,0022
vy 11175 0,0022
pw 11168 0,0022
łb 11162 0,0022
vr 11124 0,0021
tj 11028 0,0021
łs 10912 0,0021
łf 10895 0,0021
łw 10848 0,0021
fs 10368 0,0020
mg 9671 0,0019
iq 9617 0,0019
lż 9343 0,0018
md 9314 0,0018
lj 9253 0,0018
dv 9056 0,0017
ók 8902 0,0017
tg 8828 0,0017
ęź 8698 0,0017
bp 8535 0,0016
źl 8471 0,0016
ww 8404 0,0016
xe 8232 0,0016
rś 8102 0,0016
gp 8080 0,0016
xt 7805 0,0015
uy 7783 0,0015
fn 7741 0,0015
uu 7333 0,0014
td 7292 0,0014
rj 7240 0,0014
kb 7091 0,0014
vu 7072 0,0014
jg 7009 0,0014
pf 6982 0,0013
uź 6946 0,0013
źć 6922 0,0013
kf 6886 0,0013
bh 6852 0,0013
bm 6827 0,0013
hd 6804 0,0013
łł 6731 0,0013
iy 6643 0,0013
hą 6553 0,0013
ćf 6497 0,0013
df 6383 0,0012
żi 6211 0,0012
fk 6209 0,0012
xp 6202 0,0012
gk 6149 0,0012
ćm 6000 0,0012
łz 5869 0,0011
vs 5826 0,0011
sq 5807 0,0011
lr 5768 0,0011
źc 5761 0,0011
vp 5746 0,0011
aq 5719 0,0011
ąw 5655 0,0011
hk 5629 0,0011
hb 5624 0,0011
wg 5543 0,0011
ćd 5487 0,0011
jz 5344 0,0010
eq 5337 0,0010
fó 5275 0,0010
fg 5256 0,0010
cq 5180 0,0010
fm 5158 0,0010
vl 5134 0,0010
pd 5072 0,0010
bt 5052 0,0010
bf 4936 0,0010
yh 4881 0,0009
vd 4830 0,0009
hp 4799 0,0009
mj 4798 0,0009
źm 4746 0,0009
ńk 4713 0,0009
łr 4683 0,0009
cp 4660 0,0009
vn 4630 0,0009
żw 4613 0,0009
óp 4398 0,0008
śb 4306 0,0008
mh 4196 0,0008
wm 4170 0,0008
qi 4168 0,0008
cb 4128 0,0008
pm 4119 0,0008
mś 4114 0,0008
iź 4077 0,0008
xo 4026 0,0008
jj 3993 0,0008
nq 3804 0,0007
kd 3694 0,0007
gf 3681 0,0007
wj 3643 0,0007
śk 3637 0,0007
rq 3558 0,0007
cf 3518 0,0007
pb 3404 0,0007
eó 3377 0,0007
xu 3112 0,0006
kv 3105 0,0006
gj 3096 0,0006
hz 3087 0,0006
wf 3051 0,0006
jż 2981 0,0006
nx 2979 0,0006
kś 2976 0,0006
jł 2886 0,0006
ęw 2886 0,0006
hf 2865 0,0006
bz 2830 0,0005
cw 2763 0,0005
zf 2747 0,0005
yv 2708 0,0005
cg 2686 0,0005
xy 2680 0,0005
vc 2670 0,0005
kj 2556 0,0005
fę 2538 0,0005
jf 2492 0,0005
oq 2489 0,0005
mz 2474 0,0005
xc 2473 0,0005
żm 2469 0,0005
fb 2400 0,0005
uć 2393 0,0005
xf 2373 0,0005
hh 2311 0,0004
hś 2279 0,0004
jh 2235 0,0004
qa 2219 0,0004
śń 2128 0,0004
dś 2108 0,0004
hv 2107 0,0004
fp 2037 0,0004
fą 2009 0,0004
eę 2001 0,0004
fj 1986 0,0004
pj 1959 0,0004
hj 1933 0,0004
vk 1885 0,0004
mv 1859 0,0004
uq 1826 0,0004
cv 1804 0,0003
eą 1746 0,0003
xh 1713 0,0003
xb 1709 0,0003
gv 1701 0,0003
xl 1650 0,0003
ąś 1628 0,0003
bg 1611 0,0003
ćk 1596 0,0003
vf 1515 0,0003
fd 1477 0,0003
fw 1472 0,0003
mx 1450 0,0003
óm 1449 0,0003
pv 1425 0,0003
yx 1377 0,0003
zv 1358 0,0003
vą 1321 0,0003
hg 1294 0,0002
źń 1275 0,0002
xm 1274 0,0002
kz 1264 0,0002
vh 1174 0,0002
vg 1162 0,0002
ćb 1159 0,0002
vb 1083 0,0002
vt 1082 0,0002
łś 1060 0,0002
rx 1018 0,0002
źs 1015 0,0002
bv 1010 0,0002
fh 962 0,0002
tx 916 0,0002
jy 882 0,0002
vv 881 0,0002
xs 864 0,0002
gx 854 0,0002
ąź 828 0,0002
lx 823 0,0002
żł 797 0,0002
xw 796 0,0002
lś 729 0,0001
fv 726 0,0001
yy 721 0,0001
vm 716 0,0001
łi 712 0,0001
ća 675 0,0001
łh 673 0,0001
fz 669 0,0001
zq 658 0,0001
żg 636 0,0001
jv 615 0,0001
hq 595 0,0001
lq 589 0,0001
ql 582 0,0001
gq 571 0,0001
ći 570 0,0001
źa 568 0,0001
lń 566 0,0001
fx 533 0,0001
żh 532 0,0001
hż 522 0,0001
518972315
