na 19962 25,2946
do 12843 16,2739
że 8435 10,6883
to 5812 7,3646
po 4321 5,4753
od 3826 4,8481
za 3201 4,0561
ma 2287 2,8979
są 2242 2,8409
co 1862 2,3594
ze 1818 2,3037
by 928 1,1759
we 908 1,1506
on 678 0,8591
te 533 0,6754
go 522 0,6614
bo 512 0,6488
iż 483 0,6120
ii 399 0,5056
ta 392 0,4967
mu 323 0,4093
je 308 0,3903
rp 303 0,3839
de 264 0,3345
pl 258 0,3269
aż 253 0,3206
ją 247 0,3130
im 240 0,3041
nr 240 0,3041
zł 237 0,3003
tę 219 0,2775
of 204 0,2585
mi 189 0,2395
ue 189 0,2395
tu 182 0,2306
km 178 0,2256
ja 175 0,2217
dr 144 0,1825
tą 134 0,1698
wg 115 0,1457
in 102 0,1292
my 101 0,1280
la 91 0,1153
da 82 0,1039
ci 68 0,0862
xx 66 0,0836
fc 59 0,0748
tp 55 0,0697
iv 54 0,0684
tv 53 0,0672
di 51 0,0646
ku 46 0,0583
sb 46 0,0583
fm 44 0,0558
it 41 0,0520
no 41 0,0520
ok 37 0,0469
al 36 0,0456
sa 34 0,0431
xi 34 0,0431
bp 31 0,0393
cc 31 0,0393
ke 27 0,0342
xv 26 0,0329
ck 25 0,0317
le 25 0,0317
pe 23 0,0291
vi 23 0,0291
ów 22 0,0279
cd 21 0,0266
mm 21 0,0266
uw 21 0,0266
el 20 0,0253
er 20 0,0253
hd 20 0,0253
dj 19 0,0241
os 19 0,0241
em 18 0,0228
pc 18 0,0228
ac 15 0,0190
ix 15 0,0190
li 15 0,0190
ty 15 0,0190
lo 14 0,0177
ms 14 0,0177
cm 13 0,0165
ka 13 0,0165
kg 13 0,0165
me 13 0,0165
pr 13 0,0165
sc 13 0,0165
us 13 0,0165
wy 13 0,0165
gb 12 0,0152
ie 12 0,0152
ip 12 0,0152
as 11 0,0139
fi 11 0,0139
hp 11 0,0139
ki 11 0,0139
ks 11 0,0139
tw 11 0,0139
ad 9 0,0114
an 9 0,0114
br 9 0,0114
et 9 0,0114
il 9 0,0114
pm 9 0,0114
uk 9 0,0114
up 9 0,0114
ex 8 0,0101
ge 8 0,0101
hu 8 0,0101
mb 8 0,0101
tk 8 0,0101
xp 8 0,0101
zx 8 0,0101
ak 7 0,0089
bt 7 0,0089
du 7 0,0089
fk 7 0,0089
kb 7 0,0089
ne 7 0,0089
ny 7 0,0089
sp 7 0,0089
ub 7 0,0089
wp 7 0,0089
am 6 0,0076
be 6 0,0076
db 6 0,0076
ej 6 0,0076
gj 6 0,0076
gp 6 0,0076
ha 6 0,0076
is 6 0,0076
kw 6 0,0076
ln 6 0,0076
mo 6 0,0076
mw 6 0,0076
rb 6 0,0076
ca 5 0,0063
ec 5 0,0063
ek 5 0,0063
gw 5 0,0063
io 5 0,0063
kc 5 0,0063
ra 5 0,0063
re 5 0,0063
ss 5 0,0063
tb 5 0,0063
uj 5 0,0063
yi 5 0,0063
ag 4 0,0051
ce 4 0,0051
cf 4 0,0051
en 4 0,0051
es 4 0,0051
eu 4 0,0051
fb 4 0,0051
hc 4 0,0051
kl 4 0,0051
ko 4 0,0051
np 4 0,0051
nt 4 0,0051
oś 4 0,0051
pd 4 0,0051
pt 4 0,0051
sj 4 0,0051
sv 4 0,0051
um 4 0,0051
vw 4 0,0051
ya 4 0,0051
zk 4 0,0051
ao 3 0,0038
bk 3 0,0038
ch 3 0,0038
ed 3 0,0038
ff 3 0,0038
fg 3 0,0038
gn 3 0,0038
ik 3 0,0038
jo 3 0,0038
kf 3 0,0038
kp 3 0,0038
kr 3 0,0038
mc 3 0,0038
nd 3 0,0038
ni 3 0,0038
pp 3 0,0038
qr 3 0,0038
qt 3 0,0038
rg 3 0,0038
rk 3 0,0038
se 3 0,0038
sl 3 0,0038
sn 3 0,0038
st 3 0,0038
tg 3 0,0038
th 3 0,0038
tr 3 0,0038
ts 3 0,0038
un 3 0,0038
yu 3 0,0038
ab 2 0,0025
at 2 0,0025
au 2 0,0025
aw 2 0,0025
bq 2 0,0025
cj 2 0,0025
ct 2 0,0025
cy 2 0,0025
dc 2 0,0025
dg 2 0,0025
dm 2 0,0025
ds 2 0,0025
ea 2 0,0025
fs 2 0,0025
ga 2 0,0025
gc 2 0,0025
gr 2 0,0025
ho 2 0,0025
ic 2 0,0025
id 2 0,0025
ić 2 0,0025
jr 2 0,0025
lm 2 0,0025
ml 2 0,0025
mr 2 0,0025
mt 2 0,0025
nm 2 0,0025
ns 2 0,0025
oh 2 0,0025
ol 2 0,0025
ot 2 0,0025
rc 2 0,0025
ri 2 0,0025
rn 2 0,0025
ro 2 0,0025
ry 2 0,0025
sd 2 0,0025
sk 2 0,0025
sm 2 0,0025
tj 2 0,0025
tt 2 0,0025
tz 2 0,0025
ul 2 0,0025
uz 2 0,0025
va 2 0,0025
vl 2 0,0025
vs 2 0,0025
wd 2 0,0025
wu 2 0,0025
xo 2 0,0025
yj 2 0,0025
zg 2 0,0025
ój 2 0,0025
ai 1 0,0013
ap 1 0,0013
az 1 0,0013
ba 1 0,0013
bi 1 0,0013
bl 1 0,0013
bz 1 0,0013
cb 1 0,0013
cs 1 0,0013
cz 1 0,0013
cę 1 0,0013
dh 1 0,0013
dn 1 0,0013
dw 1 0,0013
fe 1 0,0013
fo 1 0,0013
fw 1 0,0013
gg 1 0,0013
gk 1 0,0013
gl 1 0,0013
gm 1 0,0013
gą 1 0,0013
hm 1 0,0013
hr 1 0,0013
hs 1 0,0013
if 1 0,0013
js 1 0,0013
kk 1 0,0013
kt 1 0,0013
kv 1 0,0013
ls 1 0,0013
lw 1 0,0013
mf 1 0,0013
mj 1 0,0013
mk 1 0,0013
mv 1 0,0013
ng 1 0,0013
nk 1 0,0013
nn 1 0,0013
nu 1 0,0013
oc 1 0,0013
oj 1 0,0013
om 1 0,0013
or 1 0,0013
pi 1 0,0013
pu 1 0,0013
pv 1 0,0013
rh 1 0,0013
rm 1 0,0013
ru 1 0,0013
rv 1 0,0013
sf 1 0,0013
so 1 0,0013
sy 1 0,0013
tm 1 0,0013
uo 1 0,0013
ux 1 0,0013
vb 1 0,0013
ve 1 0,0013
vj 1 0,0013
wa 1 0,0013
ws 1 0,0013
xl 1 0,0013
xs 1 0,0013
ye 1 0,0013
ył 1 0,0013
zo 1 0,0013
zy 1 0,0013
zz 1 0,0013
zę 1 0,0013
żę 1 0,0013
78918
