się 15103 21,0465
nie 8861 12,3481
dla 3374 4,7018
jak 3039 4,2349
tym 2352 3,2776
już 2083 2,9027
ale 1772 2,4693
czy 1598 2,2269
pod 1467 2,0443
tej 1414 1,9705
był 1410 1,9649
być 1239 1,7266
ich 1218 1,6973
też 1120 1,5608
ten 982 1,3685
jej 957 1,3336
nad 932 1,2988
aby 912 1,2709
lat 907 1,2639
tak 801 1,1162
lub 717 0,9992
bez 595 0,8292
gdy 552 0,7692
raz 547 0,7623
niż 546 0,7609
dwa 470 0,6550
mln 454 0,6327
tam 429 0,5978
dni 411 0,5727
nim 358 0,4989
usa 345 0,4808
ona 336 0,4682
pis 296 0,4125
sam 294 0,4097
the 275 0,3832
rok 272 0,3790
one 264 0,3679
nas 249 0,3470
pan 231 0,3219
sąd 222 0,3094
jan 221 0,3080
sił 213 0,2968
ani 212 0,2954
oni 211 0,2940
mam 209 0,2912
gry 200 0,2787
kto 175 0,2439
nam 175 0,2439
obu 171 0,2383
zaś 165 0,2299
nic 163 0,2271
tvp 161 0,2244
coś 133 0,1853
onz 125 0,1742
mld 121 0,1686
xvi 121 0,1686
tuż 116 0,1616
pół 108 0,1505
ódź 107 0,1491
sld 104 0,1449
msz 102 0,1421
ono 101 0,1407
tvn 101 0,1407
ile 97 0,1352
gra 90 0,1254
iii 89 0,1240
nią 89 0,1240
sie 89 0,1240
psl 88 0,1226
mac 86 0,1198
van 86 0,1198
ewa 79 0,1101
wsi 79 0,1101
ipn 74 0,1031
akt 71 0,0989
ego 71 0,0989
red 70 0,0975
mój 69 0,0962
rmf 68 0,0948
cba 67 0,0934
san 67 0,0934
pkt 64 0,0892
and 63 0,0878
new 62 0,0864
noc 62 0,0864
uda 61 0,0850
xxi 61 0,0850
cen 59 0,0822
dom 59 0,0822
for 58 0,0808
cel 53 0,0739
iss 53 0,0739
pkp 51 0,0711
kim 48 0,0669
lot 47 0,0655
org 47 0,0655
pro 47 0,0655
mon 45 0,0627
grę 44 0,0613
lpr 43 0,0599
uke 43 0,0599
los 42 0,0585
dać 41 0,0571
tom 40 0,0557
dał 38 0,0530
swe 38 0,0530
abp 37 0,0516
bin 37 0,0516
oba 37 0,0516
sri 37 0,0516
ton 37 0,0516
leo 36 0,0502
móc 36 0,0502
dvd 35 0,0488
syn 35 0,0488
ras 34 0,0474
ali 33 0,0460
der 33 0,0460
kod 33 0,0460
msw 32 0,0446
pap 32 0,0446
pas 32 0,0446
wta 32 0,0446
xix 32 0,0446
abw 31 0,0432
wiz 31 0,0432
www 31 0,0432
źle 31 0,0432
com 30 0,0418
uci 30 0,0418
web 30 0,0418
zet 30 0,0418
air 29 0,0404
mąż 28 0,0390
oto 28 0,0390
prl 28 0,0390
swą 28 0,0390
era 27 0,0376
ewy 27 0,0376
hat 27 0,0376
min 26 0,0362
stu 26 0,0362
wie 26 0,0362
bym 25 0,0348
day 25 0,0348
del 25 0,0348
esa 25 0,0348
ibm 25 0,0348
lid 25 0,0348
mtv 25 0,0348
rąk 25 0,0348
vii 25 0,0348
złe 25 0,0348
abu 24 0,0334
tim 24 0,0334
xiv 24 0,0334
moc 23 0,0321
bbc 22 0,0307
csc 22 0,0307
tok 22 0,0307
gnu 21 0,0293
tns 21 0,0293
gaz 20 0,0279
jsw 20 0,0279
sto 20 0,0279
sts 20 0,0279
tel 20 0,0279
zna 20 0,0279
ben 19 0,0265
big 19 0,0265
dym 19 0,0265
iść 19 0,0265
olt 19 0,0265
tez 19 0,0265
tle 19 0,0265
usd 19 0,0265
zhp 19 0,0265
kde 18 0,0251
bbn 17 0,0237
net 17 0,0237
pbs 17 0,0237
płk 17 0,0237
rpa 17 0,0237
tys 17 0,0237
wam 17 0,0237
żyć 17 0,0237
cnn 16 0,0223
fox 16 0,0223
gks 16 0,0223
kot 16 0,0223
rio 16 0,0223
żył 16 0,0223
azs 15 0,0209
gol 15 0,0209
hiv 15 0,0209
icm 15 0,0209
idą 15 0,0209
jam 15 0,0209
kar 15 0,0209
mną 15 0,0209
nik 15 0,0209
pkn 15 0,0209
pkw 15 0,0209
wód 15 0,0209
xii 15 0,0209
baz 14 0,0195
dna 14 0,0195
fin 14 0,0195
gmt 14 0,0195
nbp 14 0,0195
osi 14 0,0195
pkb 14 0,0195
spd 14 0,0195
sun 14 0,0195
uss 14 0,0195
via 14 0,0195
zus 14 0,0195
zła 14 0,0195
art 13 0,0181
cnk 13 0,0181
cup 13 0,0181
eby 13 0,0181
ilu 13 0,0181
itu 13 0,0181
kwk 13 0,0181
lee 13 0,0181
moi 13 0,0181
par 13 0,0181
per 13 0,0181
pko 13 0,0181
rez 13 0,0181
zza 13 0,0181
ban 12 0,0167
bmw 12 0,0167
die 12 0,0167
gfk 12 0,0167
joe 12 0,0167
non 12 0,0167
off 12 0,0167
set 12 0,0167
von 12 0,0167
was 12 0,0167
api 11 0,0153
bal 11 0,0153
dat 11 0,0153
dow 11 0,0153
fal 11 0,0153
fut 11 0,0153
grą 11 0,0153
hbo 11 0,0153
lis 11 0,0153
max 11 0,0153
mer 11 0,0153
mtb 11 0,0153
pzu 11 0,0153
quo 11 0,0153
sir 11 0,0153
sue 11 0,0153
tor 11 0,0153
uop 11 0,0153
upr 11 0,0153
you 11 0,0153
atp 10 0,0139
bor 10 0,0139
cia 10 0,0139
iab 10 0,0139
itb 10 0,0139
kin 10 0,0139
les 10 0,0139
lud 10 0,0139
maj 10 0,0139
men 10 0,0139
mgr 10 0,0139
mhz 10 0,0139
mtr 10 0,0139
nop 10 0,0139
oko 10 0,0139
ptk 10 0,0139
ram 10 0,0139
urn 10 0,0139
abd 9 0,0125
agb 9 0,0125
amy 9 0,0125
aso 9 0,0125
awf 9 0,0125
bać 9 0,0125
dba 9 0,0125
des 9 0,0125
don 9 0,0125
hey 9 0,0125
ibn 9 0,0125
lhc 9 0,0125
osm 9 0,0125
owe 9 0,0125
owi 9 0,0125
psa 9 0,0125
rwe 9 0,0125
sms 9 0,0125
usb 9 0,0125
zły 9 0,0125
agh 8 0,0111
atv 8 0,0111
boi 8 0,0111
bóg 8 0,0111
dwu 8 0,0111
dół 8 0,0111
ewę 8 0,0111
faa 8 0,0111
fis 8 0,0111
gsm 8 0,0111
kul 8 0,0111
led 8 0,0111
mff 8 0,0111
orp 8 0,0111
oze 8 0,0111
pge 8 0,0111
pop 8 0,0111
rad 8 0,0111
ryb 8 0,0111
taj 8 0,0111
top 8 0,0111
typ 8 0,0111
utc 8 0,0111
vez 8 0,0111
xml 8 0,0111
afp 7 0,0098
aig 7 0,0098
bob 7 0,0098
bwa 7 0,0098
ból 7 0,0098
ccc 7 0,0098
gps 7 0,0098
gór 7 0,0098
ing 7 0,0098
irc 7 0,0098
jet 7 0,0098
jim 7 0,0098
liu 7 0,0098
lux 7 0,0098
lwa 7 0,0098
man 7 0,0098
nao 7 0,0098
pań 7 0,0098
ray 7 0,0098
rpg 7 0,0098
rpm 7 0,0098
róg 7 0,0098
sen 7 0,0098
sex 7 0,0098
ust 7 0,0098
vlc 7 0,0098
wad 7 0,0098
war 7 0,0098
wit 7 0,0098
wkd 7 0,0098
acz 6 0,0084
all 6 0,0084
ari 6 0,0084
arm 6 0,0084
bau 6 0,0084
bąk 6 0,0084
can 6 0,0084
cię 6 0,0084
cms 6 0,0084
cóż 6 0,0084
dhl 6 0,0084
dos 6 0,0084
duo 6 0,0084
ery 6 0,0084
far 6 0,0084
fok 6 0,0084
gpw 6 0,0084
gus 6 0,0084
isp 6 0,0084
krc 6 0,0084
lab 6 0,0084
luk 6 0,0084
msn 6 0,0084
mvp 6 0,0084
ngo 6 0,0084
osp 6 0,0084
php 6 0,0084
pit 6 0,0084
pól 6 0,0084
rak 6 0,0084
ran 6 0,0084
rob 6 0,0084
roy 6 0,0084
sal 6 0,0084
skw 6 0,0084
sky 6 0,0084
ssa 6 0,0084
ssl 6 0,0084
tło 6 0,0084
val 6 0,0084
who 6 0,0084
wii 6 0,0084
yad 6 0,0084
yła 6 0,0084
zio 6 0,0084
złą 6 0,0084
żon 6 0,0084
aac 5 0,0070
amd 5 0,0070
ana 5 0,0070
app 5 0,0070
ase 5 0,0070
aut 5 0,0070
bad 5 0,0070
bić 5 0,0070
cos 5 0,0070
csf 5 0,0070
css 5 0,0070
dam 5 0,0070
dra 5 0,0070
eit 5 0,0070
evo 5 0,0070
fbi 5 0,0070
fed 5 0,0070
gue 5 0,0070
guy 5 0,0070
hpc 5 0,0070
idc 5 0,0070
ike 5 0,0070
ils 5 0,0070
ios 5 0,0070
ivo 5 0,0070
khw 5 0,0070
las 5 0,0070
luc 5 0,0070
map 5 0,0070
mit 5 0,0070
mpk 5 0,0070
mtk 5 0,0070
mur 5 0,0070
nec 5 0,0070
nid 5 0,0070
odf 5 0,0070
oer 5 0,0070
old 5 0,0070
onr 5 0,0070
owa 5 0,0070
owy 5 0,0070
pdf 5 0,0070
pjn 5 0,0070
pks 5 0,0070
pll 5 0,0070
psp 5 0,0070
rem 5 0,0070
ron 5 0,0070
rth 5 0,0070
ról 5 0,0070
sao 5 0,0070
sar 5 0,0070
sat 5 0,0070
sfp 5 0,0070
snu 5 0,0070
soo 5 0,0070
ssc 5 0,0070
tdf 5 0,0070
upc 5 0,0070
vat 5 0,0070
vfl 5 0,0070
wlz 5 0,0070
yum 5 0,0070
ywa 5 0,0070
zoo 5 0,0070
zło 5 0,0070
ach 4 0,0056
ada 4 0,0056
agp 4 0,0056
ars 4 0,0056
ary 4 0,0056
avm 4 0,0056
bar 4 0,0056
bok 4 0,0056
boy 4 0,0056
bus 4 0,0056
cde 4 0,0056
cha 4 0,0056
che 4 0,0056
daj 4 0,0056
dan 4 0,0056
dns 4 0,0056
dur 4 0,0056
dąb 4 0,0056
ebc 4 0,0056
erę 4 0,0056
ewą 4 0,0056
ezt 4 0,0056
fia 4 0,0056
fit 4 0,0056
fsf 4 0,0056
fso 4 0,0056
gen 4 0,0056
gpl 4 0,0056
hop 4 0,0056
how 4 0,0056
ice 4 0,0056
ict 4 0,0056
isa 4 0,0056
iso 4 0,0056
jay 4 0,0056
jaś 4 0,0056
jon 4 0,0056
joy 4 0,0056
kdp 4 0,0056
kvm 4 0,0056
lcd 4 0,0056
lem 4 0,0056
lks 4 0,0056
lng 4 0,0056
lwy 4 0,0056
lxi 4 0,0056
lęk 4 0,0056
mfw 4 0,0056
mol 4 0,0056
nen 4 0,0056
nfl 4 0,0056
not 4 0,0056
nsz 4 0,0056
oby 4 0,0056
oco 4 0,0056
ois 4 0,0056
pkk 4 0,0056
pln 4 0,0056
psy 4 0,0056
ptc 4 0,0056
pze 4 0,0056
rai 4 0,0056
rat 4 0,0056
ria 4 0,0056
rie 4 0,0056
rts 4 0,0056
sps 4 0,0056
sum 4 0,0056
suu 4 0,0056
ted 4 0,0056
tlk 4 0,0056
uks 4 0,0056
umk 4 0,0056
utm 4 0,0056
win 4 0,0056
xxx 4 0,0056
yab 4 0,0056
abo 3 0,0042
act 3 0,0042
aed 3 0,0042
aol 3 0,0042
are 3 0,0042
bay 3 0,0042
bow 3 0,0042
bph 3 0,0042
bps 3 0,0042
but 3 0,0042
byd 3 0,0042
cbk 3 0,0042
cdu 3 0,0042
ceo 3 0,0042
cio 3 0,0042
cpa 3 0,0042
cpu 3 0,0042
csu 3 0,0042
dar 3 0,0042
ddk 3 0,0042
dei 3 0,0042
den 3 0,0042
dga 3 0,0042
drm 3 0,0042
dtn 3 0,0042
eff 3 0,0042
eka 3 0,0042
ekg 3 0,0042
eko 3 0,0042
ell 3 0,0042
end 3 0,0042
eqt 3 0,0042
eso 3 0,0042
fan 3 0,0042
fei 3 0,0042
gdb 3 0,0042
geo 3 0,0042
gon 3 0,0042
gsl 3 0,0042
gta 3 0,0042
gtk 3 0,0042
hal 3 0,0042
hit 3 0,0042
hot 3 0,0042
ian 3 0,0042
idę 3 0,0042
ikf 3 0,0042
ikm 3 0,0042
ina 3 0,0042
inc 3 0,0042
iti 3 0,0042
ivy 3 0,0042
jem 3 0,0042
kan 3 0,0042
kas 3 0,0042
kir 3 0,0042
kor 3 0,0042
koń 3 0,0042
kur 3 0,0042
kwp 3 0,0042
kzk 3 0,0042
kół 3 0,0042
law 3 0,0042
lek 3 0,0042
lin 3 0,0042
lou 3 0,0042
lzs 3 0,0042
mae 3 0,0042
mbw 3 0,0042
mil 3 0,0042
miś 3 0,0042
mjr 3 0,0042
mks 3 0,0042
mru 3 0,0042
msv 3 0,0042
mun 3 0,0042
mza 3 0,0042
ncs 3 0,0042
nej 3 0,0042
nhk 3 0,0042
nić 3 0,0042
nut 3 0,0042
ode 3 0,0042
oka 3 0,0042
opp 3 0,0042
pal 3 0,0042
pck 3 0,0042
pic 3 0,0042
pin 3 0,0042
pił 3 0,0042
pld 3 0,0042
pms 3 0,0042
pvc 3 0,0042
rae 3 0,0042
raj 3 0,0042
rau 3 0,0042
ric 3 0,0042
rpo 3 0,0042
rtv 3 0,0042
sdk 3 0,0042
sdu 3 0,0042
smd 3 0,0042
sql 3 0,0042
swf 3 0,0042
tpn 3 0,0042
two 3 0,0042
tył 3 0,0042
tła 3 0,0042
ufa 3 0,0042
ump 3 0,0042
und 3 0,0042
uno 3 0,0042
vip 3 0,0042
wan 3 0,0042
wet 3 0,0042
yko 3 0,0042
znp 3 0,0042
zog 3 0,0042
abc 2 0,0028
abs 2 0,0028
aim 2 0,0028
aka 2 0,0028
ala 2 0,0028
alt 2 0,0028
ami 2 0,0028
ane 2 0,0028
any 2 0,0028
aną 2 0,0028
apu 2 0,0028
arc 2 0,0028
asp 2 0,0028
aws 2 0,0028
bam 2 0,0028
bav 2 0,0028
bil 2 0,0028
bln 2 0,0028
bnp 2 0,0028
bon 2 0,0028
bpa 2 0,0028
bpo 2 0,0028
bta 2 0,0028
btc 2 0,0028
buw 2 0,0028
buy 2 0,0028
bye 2 0,0028
byś 2 0,0028
bój 2 0,0028
chi 2 0,0028
cit 2 0,0028
ciu 2 0,0028
cji 2 0,0028
cop 2 0,0028
cud 2 0,0028
doc 2 0,0028
doi 2 0,0028
dpk 2 0,0028
dua 2 0,0028
dvr 2 0,0028
dzy 2 0,0028
ebu 2 0,0028
ecr 2 0,0028
eea 2 0,0028
efa 2 0,0028
eli 2 0,0028
elk 2 0,0028
emu 2 0,0028
eon 2 0,0028
ets 2 0,0028
ewg 2 0,0028
eye 2 0,0028
fbk 2 0,0028
fdi 2 0,0028
fly 2 0,0028
foo 2 0,0028
gaf 2 0,0028
gaj 2 0,0028
gan 2 0,0028
gcc 2 0,0028
gdl 2 0,0028
gee 2 0,0028
get 2 0,0028
ghz 2 0,0028
gil 2 0,0028
gox 2 0,0028
gun 2 0,0028
hms 2 0,0028
hut 2 0,0028
iaa 2 0,0028
iar 2 0,0028
ida 2 0,0028
idn 2 0,0028
iec 2 0,0028
ifa 2 0,0028
ihf 2 0,0028
ihh 2 0,0028
ila 2 0,0028
iną 2 0,0028
ixi 2 0,0028
iza 2 0,0028
izb 2 0,0028
jae 2 0,0028
jaj 2 0,0028
jaw 2 0,0028
jop 2 0,0028
juz 2 0,0028
kaa 2 0,0028
kay 2 0,0028
kfw 2 0,0028
kij 2 0,0028
knf 2 0,0028
koj 2 0,0028
kon 2 0,0028
kpi 2 0,0028
kri 2 0,0028
kta 2 0,0028
ktk 2 0,0028
kyi 2 0,0028
lao 2 0,0028
let 2 0,0028
lew 2 0,0028
lez 2 0,0028
lgp 2 0,0028
lie 2 0,0028
lig 2 0,0028
lil 2 0,0028
lte 2 0,0028
ląd 2 0,0028
mai 2 0,0028
mas 2 0,0028
mci 2 0,0028
mej 2 0,0028
mgm 2 0,0028
mix 2 0,0028
mor 2 0,0028
mpo 2 0,0028
mtp 2 0,0028
mzk 2 0,0028
nac 2 0,0028
nań 2 0,0028
nbc 2 0,0028
nfz 2 0,0028
ngc 2 0,0028
nhl 2 0,0028
nhs 2 0,0028
nme 2 0,0028
nmp 2 0,0028
now 2 0,0028
odi 2 0,0028
ofe 2 0,0028
ogg 2 0,0028
oil 2 0,0028
ole 2 0,0028
ota 2 0,0028
our 2 0,0028
out 2 0,0028
own 2 0,0028
owo 2 0,0028
ową 2 0,0028
pad 2 0,0028
pau 2 0,0028
pax 2 0,0028
pbi 2 0,0028
pci 2 0,0028
pda 2 0,0028
pew 2 0,0028
pig 2 0,0028
pić 2 0,0028
pmk 2 0,0028
pov 2 0,0028
ppg 2 0,0028
psd 2 0,0028
psi 2 0,0028
psv 2 0,0028
pub 2 0,0028
pwn 2 0,0028
pył 2 0,0028
pzl 2 0,0028
pzn 2 0,0028
pzw 2 0,0028
pór 2 0,0028
płd 2 0,0028
qba 2 0,0028
rac 2 0,0028
raf 2 0,0028
rbn 2 0,0028
rei 2 0,0028
rfn 2 0,0028
rka 2 0,0028
rks 2 0,0028
rny 2 0,0028
roh 2 0,0028
rpd 2 0,0028
rso 2 0,0028
run 2 0,0028
ród 2 0,0028
róż 2 0,0028
sde 2 0,0028
sga 2 0,0028
sgh 2 0,0028
sid 2 0,0028
sim 2 0,0028
sos 2 0,0028
spa 2 0,0028
sse 2 0,0028
sta 2 0,0028
svg 2 0,0028
sza 2 0,0028
tai 2 0,0028
tar 2 0,0028
tav 2 0,0028
tdp 2 0,0028
tdu 2 0,0028
toy 2 0,0028
tre 2 0,0028
tso 2 0,0028
tvs 2 0,0028
tyś 2 0,0028
tzw 2 0,0028
uam 2 0,0028
ufo 2 0,0028
uhd 2 0,0028
una 2 0,0028
upy 2 0,0028
vcd 2 0,0028
vuk 2 0,0028
wał 2 0,0028
wba 2 0,0028
wej 2 0,0028
wen 2 0,0028
wim 2 0,0028
wks 2 0,0028
wow 2 0,0028
wrc 2 0,0028
wtc 2 0,0028
wto 2 0,0028
wuj 2 0,0028
wyż 2 0,0028
wóz 2 0,0028
xna 2 0,0028
yan 2 0,0028
ych 2 0,0028
zlt 2 0,0028
zsb 2 0,0028
zsp 2 0,0028
zte 2 0,0028
zvi 2 0,0028
zwz 2 0,0028
łez 2 0,0028
ści 2 0,0028
aab 1 0,0014
aan 1 0,0014
abx 1 0,0014
adę 1 0,0014
aeg 1 0,0014
ael 1 0,0014
afb 1 0,0014
agd 1 0,0014
agu 1 0,0014
ahi 1 0,0014
aid 1 0,0014
ait 1 0,0014
aix 1 0,0014
aię 1 0,0014
ake 1 0,0014
aki 1 0,0014
aks 1 0,0014
alp 1 0,0014
amc 1 0,0014
amp 1 0,0014
anc 1 0,0014
apa 1 0,0014
apy 1 0,0014
arb 1 0,0014
aro 1 0,0014
asi 1 0,0014
asl 1 0,0014
asm 1 0,0014
asy 1 0,0014
atd 1 0,0014
atm 1 0,0014
atr 1 0,0014
ave 1 0,0014
avi 1 0,0014
awa 1 0,0014
axa 1 0,0014
axl 1 0,0014
axn 1 0,0014
aze 1 0,0014
bab 1 0,0014
bak 1 0,0014
bał 1 0,0014
bdv 1 0,0014
beb 1 0,0014
bek 1 0,0014
bet 1 0,0014
bip 1 0,0014
bis 1 0,0014
bił 1 0,0014
bks 1 0,0014
bmg 1 0,0014
bms 1 0,0014
bog 1 0,0014
bom 1 0,0014
box 1 0,0014
bre 1 0,0014
bru 1 0,0014
bsd 1 0,0014
bug 1 0,0014
bum 1 0,0014
bun 1 0,0014
bwr 1 0,0014
bwv 1 0,0014
byt 1 0,0014
cac 1 0,0014
cap 1 0,0014
car 1 0,0014
cat 1 0,0014
cdc 1 0,0014
cdm 1 0,0014
cdn 1 0,0014
cef 1 0,0014
cem 1 0,0014
ceł 1 0,0014
cfe 1 0,0014
cgt 1 0,0014
chy 1 0,0014
ció 1 0,0014
cjm 1 0,0014
ckw 1 0,0014
cla 1 0,0014
cli 1 0,0014
cna 1 0,0014
cne 1 0,0014
cng 1 0,0014
cnt 1 0,0014
col 1 0,0014
con 1 0,0014
cpc 1 0,0014
cpi 1 0,0014
cto 1 0,0014
ctv 1 0,0014
cum 1 0,0014
cwk 1 0,0014
cyk 1 0,0014
cła 1 0,0014
cło 1 0,0014
dai 1 0,0014
dap 1 0,0014
das 1 0,0014
daw 1 0,0014
dax 1 0,0014
dań 1 0,0014
dbl 1 0,0014
dbs 1 0,0014
ddr 1 0,0014
dej 1 0,0014
dek 1 0,0014
dez 1 0,0014
did 1 0,0014
dig 1 0,0014
dio 1 0,0014
dir 1 0,0014
djj 1 0,0014
dne 1 0,0014
dnf 1 0,0014
dno 1 0,0014
dog 1 0,0014
dol 1 0,0014
doń 1 0,0014
dri 1 0,0014
drk 1 0,0014
dsl 1 0,0014
dsp 1 0,0014
dss 1 0,0014
due 1 0,0014
dyn 1 0,0014
dze 1 0,0014
dób 1 0,0014
eaf 1 0,0014
ebi 1 0,0014
ebn 1 0,0014
ebv 1 0,0014
ebą 1 0,0014
eco 1 0,0014
edd 1 0,0014
edt 1 0,0014
efg 1 0,0014
ehf 1 0,0014
ena 1 0,0014
eni 1 0,0014
epp 1 0,0014
epr 1 0,0014
erp 1 0,0014
erą 1 0,0014
ese 1 0,0014
esp 1 0,0014
esr 1 0,0014
evi 1 0,0014
evy 1 0,0014
evą 1 0,0014
eyl 1 0,0014
fao 1 0,0014
fat 1 0,0014
fau 1 0,0014
fcs 1 0,0014
fda 1 0,0014
fdl 1 0,0014
fdp 1 0,0014
fet 1 0,0014
fib 1 0,0014
fil 1 0,0014
fms 1 0,0014
fnp 1 0,0014
fra 1 0,0014
frg 1 0,0014
fsb 1 0,0014
fta 1 0,0014
gai 1 0,0014
gao 1 0,0014
gas 1 0,0014
gat 1 0,0014
gbc 1 0,0014
gda 1 0,0014
gdj 1 0,0014
gdm 1 0,0014
gem 1 0,0014
gis 1 0,0014
git 1 0,0014
gmr 1 0,0014
goa 1 0,0014
god 1 0,0014
gop 1 0,0014
got 1 0,0014
gpu 1 0,0014
gro 1 0,0014
gsv 1 0,0014
gtp 1 0,0014
gut 1 0,0014
guz 1 0,0014
hac 1 0,0014
hai 1 0,0014
hak 1 0,0014
ham 1 0,0014
han 1 0,0014
has 1 0,0014
hau 1 0,0014
hda 1 0,0014
hed 1 0,0014
hel 1 0,0014
her 1 0,0014
het 1 0,0014
hip 1 0,0014
hlr 1 0,0014
hls 1 0,0014
hme 1 0,0014
hoc 1 0,0014
hol 1 0,0014
hon 1 0,0014
hou 1 0,0014
hsa 1 0,0014
hsc 1 0,0014
hsk 1 0,0014
hsv 1 0,0014
htc 1 0,0014
hub 1 0,0014
hur 1 0,0014
ibf 1 0,0014
icf 1 0,0014
ide 1 0,0014
idg 1 0,0014
ids 1 0,0014
idź 1 0,0014
iga 1 0,0014
igo 1 0,0014
iib 1 0,0014
imp 1 0,0014
ine 1 0,0014
int 1 0,0014
inż 1 0,0014
iov 1 0,0014
irq 1 0,0014
irs 1 0,0014
ito 1 0,0014
itr 1 0,0014
izy 1 0,0014
izz 1 0,0014
jad 1 0,0014
jeb 1 0,0014
jfk 1 0,0014
jie 1 0,0014
jlp 1 0,0014
jmj 1 0,0014
joł 1 0,0014
jpg 1 0,0014
jsk 1 0,0014
jsr 1 0,0014
jss 1 0,0014
jun 1 0,0014
jwk 1 0,0014
jzb 1 0,0014
kai 1 0,0014
kaj 1 0,0014
kbe 1 0,0014
kbw 1 0,0014
kch 1 0,0014
kea 1 0,0014
kei 1 0,0014
ken 1 0,0014
kew 1 0,0014
kfc 1 0,0014
kgb 1 0,0014
kmp 1 0,0014
koa 1 0,0014
kos 1 0,0014
kox 1 0,0014
kps 1 0,0014
krs 1 0,0014
kse 1 0,0014
kup 1 0,0014
kus 1 0,0014
kwh 1 0,0014
kzn 1 0,0014
lad 1 0,0014
ldl 1 0,0014
lei 1 0,0014
lia 1 0,0014
lib 1 0,0014
lii 1 0,0014
lio 1 0,0014
lix 1 0,0014
llc 1 0,0014
lmf 1 0,0014
lop 1 0,0014
lvm 1 0,0014
lwb 1 0,0014
lyn 1 0,0014
lód 1 0,0014
mad 1 0,0014
mag 1 0,0014
mal 1 0,0014
mba 1 0,0014
mdb 1 0,0014
mdk 1 0,0014
mds 1 0,0014
mea 1 0,0014
mec 1 0,0014
med 1 0,0014
mhk 1 0,0014
mia 1 0,0014
mir 1 0,0014
mis 1 0,0014
mjm 1 0,0014
moa 1 0,0014
mop 1 0,0014
mos 1 0,0014
mot 1 0,0014
moy 1 0,0014
msf 1 0,0014
msk 1 0,0014
muy 1 0,0014
muł 1 0,0014
mzs 1 0,0014
nba 1 0,0014
ndk 1 0,0014
nek 1 0,0014
nez 1 0,0014
nia 1 0,0014
nka 1 0,0014
nky 1 0,0014
nos 1 0,0014
nou 1 0,0014
nrf 1 0,0014
nro 1 0,0014
nrt 1 0,0014
nsa 1 0,0014
ntb 1 0,0014
ntp 1 0,0014
ntv 1 0,0014
nur 1 0,0014
nxt 1 0,0014
nym 1 0,0014
nzs 1 0,0014
nzw 1 0,0014
nóż 1 0,0014
oak 1 0,0014
oaz 1 0,0014
och 1 0,0014
ocr 1 0,0014
odm 1 0,0014
ody 1 0,0014
ogf 1 0,0014
ohl 1 0,0014
oin 1 0,0014
oku 1 0,0014
ola 1 0,0014
olę 1 0,0014
oms 1 0,0014
ooo 1 0,0014
orm 1 0,0014
oro 1 0,0014
osa 1 0,0014
osb 1 0,0014
oss 1 0,0014
osz 1 0,0014
otc 1 0,0014
owp 1 0,0014
ows 1 0,0014
pah 1 0,0014
pat 1 0,0014
paw 1 0,0014
pay 1 0,0014
paz 1 0,0014
pbw 1 0,0014
pcs 1 0,0014
pek 1 0,0014
pes 1 0,0014
pfa 1 0,0014
pib 1 0,0014
piw 1 0,0014
pię 1 0,0014
pkm 1 0,0014
plc 1 0,0014
plk 1 0,0014
pls 1 0,0014
pna 1 0,0014
pnp 1 0,0014
poi 1 0,0014
pot 1 0,0014
pou 1 0,0014
pow 1 0,0014
poz 1 0,0014
ppr 1 0,0014
pqi 1 0,0014
prm 1 0,0014
prz 1 0,0014
psg 1 0,0014
psr 1 0,0014
pte 1 0,0014
pts 1 0,0014
puf 1 0,0014
pwa 1 0,0014
pwr 1 0,0014
pyz 1 0,0014
pęd 1 0,0014
qdo 1 0,0014
qhq 1 0,0014
qin 1 0,0014
que 1 0,0014
raś 1 0,0014
rcb 1 0,0014
rcs 1 0,0014
rdf 1 0,0014
rex 1 0,0014
rfc 1 0,0014
rga 1 0,0014
rhl 1 0,0014
rib 1 0,0014
rid 1 0,0014
rjp 1 0,0014
rki 1 0,0014
rko 1 0,0014
rms 1 0,0014
rna 1 0,0014
rpc 1 0,0014
rpt 1 0,0014
rsc 1 0,0014
rss 1 0,0014
rtl 1 0,0014
rue 1 0,0014
rwa 1 0,0014
ryk 1 0,0014
rys 1 0,0014
ryś 1 0,0014
rze 1 0,0014
rób 1 0,0014
sad 1 0,0014
sas 1 0,0014
say 1 0,0014
sbb 1 0,0014
sbs 1 0,0014
scc 1 0,0014
sea 1 0,0014
seb 1 0,0014
sec 1 0,0014
sek 1 0,0014
sep 1 0,0014
ses 1 0,0014
sfo 1 0,0014
sgi 1 0,0014
shi 1 0,0014
sil 1 0,0014
sis 1 0,0014
ski 1 0,0014
sks 1 0,0014
skt 1 0,0014
smb 1 0,0014
smy 1 0,0014
soc 1 0,0014
sok 1 0,0014
son 1 0,0014
sor 1 0,0014
spe 1 0,0014
spi 1 0,0014
srk 1 0,0014
ssd 1 0,0014
ssr 1 0,0014
stb 1 0,0014
str 1 0,0014
sty 1 0,0014
suk 1 0,0014
sus 1 0,0014
sób 1 0,0014
sów 1 0,0014
sęk 1 0,0014
tag 1 0,0014
tal 1 0,0014
tan 1 0,0014
tbs 1 0,0014
tcs 1 0,0014
tdt 1 0,0014
tec 1 0,0014
tem 1 0,0014
ter 1 0,0014
tev 1 0,0014
tge 1 0,0014
thw 1 0,0014
tie 1 0,0014
tka 1 0,0014
tki 1 0,0014
tkę 1 0,0014
tną 1 0,0014
toż 1 0,0014
tpm 1 0,0014
tpu 1 0,0014
tsf 1 0,0014
tul 1 0,0014
tun 1 0,0014
tur 1 0,0014
twa 1 0,0014
twh 1 0,0014
twk 1 0,0014
ubu 1 0,0014
udi 1 0,0014
uip 1 0,0014
uku 1 0,0014
ulg 1 0,0014
uni 1 0,0014
upu 1 0,0014
uri 1 0,0014
url 1 0,0014
urs 1 0,0014
use 1 0,0014
usp 1 0,0014
uwe 1 0,0014
uzi 1 0,0014
uzp 1 0,0014
var 1 0,0014
vek 1 0,0014
ver 1 0,0014
vfb 1 0,0014
vhs 1 0,0014
vin 1 0,0014
vma 1 0,0014
vos 1 0,0014
vox 1 0,0014
vpn 1 0,0014
vse 1 0,0014
vsi 1 0,0014
wap 1 0,0014
wbk 1 0,0014
wbp 1 0,0014
wes 1 0,0014
weź 1 0,0014
wfh 1 0,0014
wge 1 0,0014
why 1 0,0014
wid 1 0,0014
wig 1 0,0014
wkz 1 0,0014
wlr 1 0,0014
wnp 1 0,0014
woś 1 0,0014
wsa 1 0,0014
wsf 1 0,0014
wsm 1 0,0014
wsp 1 0,0014
wsr 1 0,0014
wsw 1 0,0014
wtk 1 0,0014
wwb 1 0,0014
wwf 1 0,0014
wyć 1 0,0014
wór 1 0,0014
xie 1 0,0014
xps 1 0,0014
xxl 1 0,0014
yas 1 0,0014
yda 1 0,0014
yee 1 0,0014
yen 1 0,0014
yno 1 0,0014
yro 1 0,0014
yry 1 0,0014
ytp 1 0,0014
yue 1 0,0014
ywe 1 0,0014
zac 1 0,0014
zan 1 0,0014
zca 1 0,0014
zed 1 0,0014
zfs 1 0,0014
zhr 1 0,0014
zję 1 0,0014
zkm 1 0,0014
zlp 1 0,0014
zną 1 0,0014
ztm 1 0,0014
zur 1 0,0014
óra 1 0,0014
órą 1 0,0014
ąki 1 0,0014
ład 1 0,0014
ław 1 0,0014
łuk 1 0,0014
łzy 1 0,0014
śpi 1 0,0014
źli 1 0,0014
żal 1 0,0014
żyj 1 0,0014
71760
