się 1201697 21,5419
nie 336500 6,0322
był 322874 5,7879
pod 225849 4,0486
dla 193273 3,4647
tym 188027 3,3706
jej 135162 2,4229
jak 132179 2,3695
lub 131323 2,3541
lat 98432 1,7645
ich 98179 1,7600
nad 85632 1,5351
tej 82943 1,4869
też 80758 1,4477
ale 75780 1,3585
ten 73774 1,3225
już 71455 1,2809
the 71241 1,2771
rok 68849 1,2342
dwa 63127 1,1316
być 57319 1,0275
gdy 54758 0,9816
raz 47918 0,8590
czy 47220 0,8465
nim 45131 0,8090
wsi 43003 0,7709
tam 42937 0,7697
zaś 36982 0,6629
bez 36160 0,6482
tak 33273 0,5965
aby 32753 0,5871
iii 32287 0,5788
niż 30453 0,5459
jan 28124 0,5042
xix 27658 0,4958
ona 25955 0,4653
one 22633 0,4057
von 20923 0,3751
sam 20595 0,3692
syn 19363 0,3471
and 18266 0,3274
ngc 18048 0,3235
gry 17187 0,3081
dni 16955 0,3039
san 15409 0,2762
sił 15238 0,2732
obu 14961 0,2682
ego 12880 0,2309
xvi 12677 0,2273
gra 12412 0,2225
nią 12393 0,2222
usa 12084 0,2166
ani 11723 0,2101
new 11627 0,2084
los 11151 0,1999
dom 10060 0,1803
mln 10005 0,1794
van 9841 0,1764
oni 8952 0,1605
der 7855 0,1408
xiv 7511 0,1346
vii 7067 0,1267
tuż 7026 0,1259
ono 6902 0,1237
for 6800 0,1219
del 6589 0,1181
rio 6305 0,1130
oba 6228 0,1116
pgc 6211 0,1113
sąd 6113 0,1096
xii 6018 0,1079
pół 5970 0,1070
swą 5438 0,0975
uss 5393 0,0967
typ 5203 0,0933
grn 5106 0,0915
des 5073 0,0909
mąż 5060 0,0907
las 5058 0,0907
gór 4968 0,0891
prl 4764 0,0854
wrn 4738 0,0849
rąk 4702 0,0843
tom 4436 0,0795
pan 4332 0,0777
swe 4089 0,0733
moc 3854 0,0691
osi 3816 0,0684
pas 3806 0,0682
nic 3776 0,0677
ugc 3726 0,0668
air 3653 0,0655
you 3599 0,0645
grę 3540 0,0635
tle 3495 0,0627
wód 3418 0,0613
und 3392 0,0608
ile 3358 0,0602
red 3338 0,0598
les 3305 0,0592
dał 3290 0,0590
lee 3238 0,0580
par 3079 0,0552
akt 3062 0,0549
hms 3054 0,0547
kto 3045 0,0546
ton 3032 0,0544
bad 3009 0,0539
cel 2998 0,0537
car 2936 0,0526
art 2916 0,0523
all 2915 0,0523
ryb 2869 0,0514
lot 2816 0,0505
tel 2804 0,0503
kim 2801 0,0502
big 2732 0,0490
atp 2711 0,0486
bóg 2711 0,0486
hot 2702 0,0484
kod 2689 0,0482
die 2677 0,0480
onz 2670 0,0479
xxi 2584 0,0463
top 2527 0,0453
cup 2470 0,0443
ben 2409 0,0432
płk 2399 0,0430
dna 2394 0,0429
dvd 2301 0,0412
tor 2268 0,0407
man 2241 0,0402
joe 2232 0,0400
ibn 2225 0,0399
sir 2217 0,0397
mil 2212 0,0397
ois 2105 0,0377
pro 2044 0,0366
pkp 2040 0,0366
don 2021 0,0362
kop 1989 0,0357
coś 1984 0,0356
ewa 1979 0,0355
tvp 1919 0,0344
max 1900 0,0341
res 1892 0,0339
mld 1872 0,0336
nas 1864 0,0334
bbc 1862 0,0334
abu 1813 0,0325
noc 1771 0,0317
ród 1732 0,0310
nba 1704 0,0305
ali 1701 0,0305
mtv 1687 0,0302
azs 1684 0,0302
min 1675 0,0300
pop 1662 0,0298
pól 1651 0,0296
żył 1651 0,0296
ódź 1640 0,0294
nam 1621 0,0291
stu 1606 0,0288
nrd 1589 0,0285
nhl 1574 0,0282
wwe 1562 0,0280
off 1545 0,0277
old 1545 0,0277
nmp 1542 0,0276
abd 1540 0,0276
wta 1528 0,0274
ról 1524 0,0273
sto 1507 0,0270
fis 1425 0,0255
bay 1410 0,0253
rad 1399 0,0251
den 1394 0,0250
val 1382 0,0248
per 1379 0,0247
lek 1370 0,0246
mjr 1368 0,0245
bob 1339 0,0240
pps 1338 0,0240
bmw 1335 0,0239
abc 1291 0,0231
rfn 1287 0,0231
com 1276 0,0229
fox 1276 0,0229
lew 1276 0,0229
fia 1272 0,0228
alp 1267 0,0227
lud 1242 0,0223
dół 1241 0,0222
fal 1240 0,0222
dąb 1237 0,0222
sun 1230 0,0220
iso 1225 0,0220
orp 1216 0,0218
kół 1202 0,0215
móc 1172 0,0210
kąt 1165 0,0209
dos 1163 0,0208
grą 1158 0,0208
mon 1152 0,0207
pkt 1149 0,0206
rpa 1148 0,0206
day 1141 0,0205
ray 1141 0,0205
dno 1127 0,0202
ery 1122 0,0201
baz 1119 0,0201
lwa 1114 0,0200
mas 1110 0,0199
oto 1110 0,0199
leo 1102 0,0198
srr 1095 0,0196
mac 1093 0,0196
das 1092 0,0196
via 1084 0,0194
ras 1083 0,0194
jim 1081 0,0194
not 1076 0,0193
dwu 1064 0,0191
zły 1055 0,0189
dan 1049 0,0188
out 1046 0,0188
źle 1046 0,0188
tag 1038 0,0186
mur 1035 0,0186
are 1034 0,0185
gaz 1034 0,0185
owe 1029 0,0184
upa 1022 0,0183
ice 994 0,0178
rez 993 0,0178
mgr 991 0,0178
cbs 979 0,0175
lez 977 0,0175
dać 967 0,0173
abp 964 0,0173
dar 964 0,0173
wop 950 0,0170
mój 941 0,0169
ran 937 0,0168
sri 935 0,0168
nez 934 0,0167
jon 931 0,0167
owi 925 0,0166
tvn 919 0,0165
tim 911 0,0163
gks 910 0,0163
sen 910 0,0163
cen 905 0,0162
złe 896 0,0161
pks 890 0,0160
dal 880 0,0158
ppr 877 0,0157
zhp 870 0,0156
way 866 0,0155
sea 865 0,0155
jaj 863 0,0155
sms 863 0,0155
nbc 861 0,0154
oko 859 0,0154
rud 858 0,0154
ból 856 0,0153
war 855 0,0153
sul 852 0,0153
oka 844 0,0151
bet 843 0,0151
wał 835 0,0150
raf 831 0,0149
wad 831 0,0149
get 825 0,0148
zna 824 0,0148
psl 818 0,0147
who 814 0,0146
żyć 813 0,0146
ann 812 0,0146
ter 807 0,0145
bar 805 0,0144
mit 805 0,0144
dio 802 0,0144
ian 799 0,0143
gen 791 0,0142
dei 786 0,0141
maj 779 0,0140
map 775 0,0139
kot 768 0,0138
liu 767 0,0137
psa 766 0,0137
sal 763 0,0137
was 757 0,0136
ron 755 0,0135
two 753 0,0135
lig 752 0,0135
łąk 750 0,0134
psy 744 0,0133
yje 743 0,0133
mks 742 0,0133
zza 738 0,0132
zła 736 0,0132
ana 732 0,0131
boy 727 0,0130
uda 723 0,0130
fer 722 0,0129
non 720 0,0129
hop 719 0,0129
ufc 716 0,0128
end 714 0,0128
ewy 709 0,0127
ska 704 0,0126
cia 701 0,0126
mpk 701 0,0126
tło 697 0,0125
róg 692 0,0124
can 690 0,0124
sól 688 0,0123
kpp 686 0,0123
roy 686 0,0123
era 684 0,0123
koń 674 0,0121
win 674 0,0121
emu 671 0,0120
led 669 0,0120
eso 665 0,0119
wrc 660 0,0118
guy 659 0,0118
kgb 658 0,0118
ram 647 0,0116
din 644 0,0115
fin 641 0,0115
jay 641 0,0115
mer 640 0,0115
gol 635 0,0114
uci 635 0,0114
our 633 0,0113
zoo 625 0,0112
pis 618 0,0111
msw 616 0,0110
awf 615 0,0110
nos 613 0,0110
han 611 0,0110
łuk 610 0,0109
let 609 0,0109
mar 609 0,0109
rów 609 0,0109
sky 608 0,0109
pkb 606 0,0109
osp 605 0,0108
amy 600 0,0108
wie 599 0,0107
wwf 598 0,0107
how 597 0,0107
usd 596 0,0107
rak 593 0,0106
see 590 0,0106
any 588 0,0105
kul 579 0,0104
mao 579 0,0104
bpa 578 0,0104
mam 576 0,0103
vel 576 0,0103
ibm 575 0,0103
hit 571 0,0102
kar 570 0,0102
sur 567 0,0102
ywi 567 0,0102
mvp 566 0,0101
bei 564 0,0101
tre 560 0,0100
wóz 557 0,0100
rie 556 0,0100
dra 553 0,0099
box 552 0,0099
kin 552 0,0099
eva 550 0,0099
ine 549 0,0098
may 545 0,0098
jam 541 0,0097
rob 541 0,0097
sar 540 0,0097
ken 537 0,0096
alt 534 0,0096
gnu 534 0,0096
ole 532 0,0095
vka 529 0,0095
dur 528 0,0095
pgr 528 0,0095
nid 526 0,0094
que 526 0,0094
lin 521 0,0093
złą 521 0,0093
snu 519 0,0093
tez 517 0,0093
got 513 0,0092
itf 513 0,0092
law 513 0,0092
wbc 506 0,0091
vfb 505 0,0091
pat 503 0,0090
vfl 500 0,0090
rna 498 0,0089
leb 497 0,0089
pzl 497 0,0089
ada 496 0,0089
est 496 0,0089
asp 495 0,0089
ber 495 0,0089
nxt 494 0,0089
ski 490 0,0088
bór 488 0,0087
sex 486 0,0087
msz 485 0,0087
net 484 0,0087
gpu 482 0,0086
ric 482 0,0086
oun 477 0,0086
che 476 0,0085
zen 475 0,0085
ais 471 0,0084
act 470 0,0084
dem 470 0,0084
khl 468 0,0084
tył 464 0,0083
his 463 0,0083
now 460 0,0082
kwk 459 0,0082
ren 459 0,0082
faz 457 0,0082
mio 456 0,0082
ser 455 0,0082
mhz 453 0,0081
izb 447 0,0080
lis 447 0,0080
zur 447 0,0080
nóg 445 0,0080
psv 445 0,0080
son 445 0,0080
ein 443 0,0079
uam 442 0,0079
bal 436 0,0078
hbo 433 0,0078
wba 433 0,0078
lou 432 0,0077
god 431 0,0077
ius 429 0,0077
hal 428 0,0077
mie 428 0,0077
wks 428 0,0077
ger 427 0,0077
set 427 0,0077
bok 425 0,0076
cum 424 0,0076
iść 423 0,0076
eby 420 0,0075
mma 419 0,0075
rmf 418 0,0075
nem 416 0,0075
cię 414 0,0074
ted 412 0,0074
ala 411 0,0074
wuj 410 0,0073
six 407 0,0073
gil 406 0,0073
bon 404 0,0072
but 403 0,0072
mzk 402 0,0072
naw 401 0,0072
men 399 0,0072
hel 398 0,0071
ruś 398 0,0071
lód 397 0,0071
yła 397 0,0071
amt 396 0,0071
ipn 394 0,0071
kai 394 0,0071
aut 393 0,0070
ibf 388 0,0070
bit 387 0,0069
emi 386 0,0069
mbp 386 0,0069
nen 383 0,0069
too 383 0,0069
doń 382 0,0068
tgv 382 0,0068
jad 381 0,0068
fbi 380 0,0068
far 379 0,0068
ida 379 0,0068
lks 379 0,0068
gal 378 0,0068
guz 378 0,0068
ifk 377 0,0068
vez 376 0,0067
ham 375 0,0067
byt 374 0,0067
ąki 374 0,0067
con 373 0,0067
nio 373 0,0067
skm 373 0,0067
sld 373 0,0067
gaj 369 0,0066
irb 369 0,0066
say 368 0,0066
bin 367 0,0066
ira 367 0,0066
yją 367 0,0066
key 365 0,0065
ola 365 0,0065
eve 364 0,0065
rur 364 0,0065
age 363 0,0065
bas 361 0,0065
owa 361 0,0065
raw 361 0,0065
apg 359 0,0064
pen 359 0,0064
una 357 0,0064
ląd 356 0,0064
lio 355 0,0064
mgb 355 0,0064
tna 354 0,0063
auf 353 0,0063
har 352 0,0063
her 352 0,0063
tko 351 0,0063
xxx 351 0,0063
mwd 350 0,0063
wit 350 0,0063
ust 348 0,0062
lex 347 0,0062
low 345 0,0062
mad 345 0,0062
asa 344 0,0062
rey 344 0,0062
arp 343 0,0061
mlb 343 0,0061
nsz 343 0,0061
ban 342 0,0061
bis 341 0,0061
she 341 0,0061
aba 336 0,0060
oak 336 0,0060
tsv 336 0,0060
fan 335 0,0060
pau 334 0,0060
rue 333 0,0060
cud 332 0,0060
jin 331 0,0059
ocl 331 0,0059
bój 330 0,0059
tte 330 0,0059
wbo 330 0,0059
pow 328 0,0059
sas 328 0,0059
idą 327 0,0059
jaw 327 0,0059
lwy 327 0,0059
rap 327 0,0059
wąż 326 0,0058
paz 324 0,0058
wam 324 0,0058
boi 323 0,0058
ina 323 0,0058
vhs 323 0,0058
gay 322 0,0058
zhu 321 0,0058
hip 319 0,0057
pal 319 0,0057
var 316 0,0057
lie 315 0,0056
qui 315 0,0056
run 314 0,0056
evo 313 0,0056
web 313 0,0056
chi 312 0,0056
dog 312 0,0056
raj 312 0,0056
rex 312 0,0056
ars 310 0,0056
org 309 0,0055
tła 309 0,0055
kid 308 0,0055
jet 306 0,0055
zwz 305 0,0055
oną 304 0,0054
voo 304 0,0054
zło 304 0,0054
ara 303 0,0054
nań 303 0,0054
plk 303 0,0054
luc 301 0,0054
pol 300 0,0054
mai 299 0,0054
ria 299 0,0054
ion 295 0,0053
ivo 293 0,0053
mos 293 0,0053
sad 293 0,0053
sok 293 0,0053
dat 292 0,0052
ową 290 0,0052
utc 290 0,0052
eye 289 0,0052
bił 288 0,0052
joy 288 0,0052
quo 288 0,0052
cat 287 0,0051
def 287 0,0051
nur 287 0,0051
ckm 286 0,0051
css 286 0,0051
pak 286 0,0051
pge 286 0,0051
sol 286 0,0051
amd 285 0,0051
wir 285 0,0051
bab 283 0,0051
uks 283 0,0051
buk 282 0,0051
nfl 282 0,0051
mtb 281 0,0050
spd 279 0,0050
umk 279 0,0050
dam 278 0,0050
tok 278 0,0050
usb 278 0,0050
mir 277 0,0050
iwo 275 0,0049
lem 274 0,0049
jar 273 0,0049
jaz 273 0,0049
kor 272 0,0049
sum 272 0,0049
aus 271 0,0049
cev 271 0,0049
mów 270 0,0048
goi 269 0,0048
umm 268 0,0048
sos 267 0,0048
bor 266 0,0048
lzs 266 0,0048
aux 264 0,0047
lix 264 0,0047
pkw 263 0,0047
spa 263 0,0047
nóż 262 0,0047
smy 262 0,0047
ace 261 0,0047
bus 261 0,0047
gps 261 0,0047
gus 261 0,0047
hey 261 0,0047
pio 261 0,0047
kas 260 0,0047
sui 260 0,0047
aek 259 0,0046
cry 258 0,0046
www 258 0,0046
nil 255 0,0046
cho 254 0,0046
sin 254 0,0046
lęk 253 0,0045
shi 253 0,0045
sie 252 0,0045
rca 251 0,0045
cio 250 0,0045
zsl 250 0,0045
wan 249 0,0045
bel 248 0,0044
arc 246 0,0044
row 246 0,0044
tur 246 0,0044
fso 245 0,0044
mod 245 0,0044
neu 244 0,0044
kpn 243 0,0044
lia 243 0,0044
lac 242 0,0043
rem 242 0,0043
ang 241 0,0043
dee 240 0,0043
rai 240 0,0043
nat 239 0,0043
żon 239 0,0043
afc 237 0,0042
fly 237 0,0042
ves 237 0,0042
gun 236 0,0042
oil 236 0,0042
mia 235 0,0042
nes 234 0,0042
sue 234 0,0042
nec 232 0,0042
cox 231 0,0041
wei 231 0,0041
zum 231 0,0041
fsv 230 0,0041
isa 230 0,0041
mix 230 0,0041
vre 230 0,0041
pet 229 0,0041
pko 229 0,0041
fat 228 0,0041
aan 227 0,0041
sem 227 0,0041
uwe 227 0,0041
ząb 227 0,0041
pył 226 0,0041
ełk 224 0,0040
kat 224 0,0040
mag 224 0,0040
nia 224 0,0040
rdz 224 0,0040
rei 224 0,0040
mls 223 0,0040
rod 223 0,0040
lil 222 0,0040
rgy 222 0,0040
tan 222 0,0040
bks 221 0,0040
hiv 221 0,0040
pin 221 0,0040
rfc 221 0,0040
azy 220 0,0039
nis 220 0,0039
ewę 219 0,0039
mes 219 0,0039
ros 219 0,0039
mle 218 0,0039
psp 218 0,0039
boa 217 0,0039
doo 217 0,0039
hsv 217 0,0039
qin 217 0,0039
rom 217 0,0039
sts 217 0,0039
edo 216 0,0039
ltd 216 0,0039
piw 215 0,0039
has 214 0,0038
cis 213 0,0038
kay 213 0,0038
wag 213 0,0038
kur 212 0,0038
len 212 0,0038
nde 212 0,0038
bat 210 0,0038
iss 210 0,0038
mfk 210 0,0038
une 210 0,0038
url 210 0,0038
gsm 209 0,0037
xml 209 0,0037
zet 209 0,0037
ave 207 0,0037
duo 207 0,0037
neo 207 0,0037
ofm 207 0,0037
pac 207 0,0037
wcw 207 0,0037
wii 207 0,0037
wsk 207 0,0037
sud 206 0,0037
eli 205 0,0037
het 205 0,0037
pec 205 0,0037
rtl 205 0,0037
ysa 205 0,0037
dym 204 0,0037
esa 204 0,0037
ost 204 0,0037
det 203 0,0036
rks 203 0,0036
roi 203 0,0036
yan 203 0,0036
bir 202 0,0036
fte 202 0,0036
nac 202 0,0036
róż 202 0,0036
vis 202 0,0036
bae 201 0,0036
eda 201 0,0036
zhr 201 0,0036
cao 200 0,0036
pax 200 0,0036
pni 200 0,0036
por 200 0,0036
tys 200 0,0036
ewą 199 0,0036
cap 198 0,0035
wsp 198 0,0035
kit 197 0,0035
nbp 197 0,0035
pfk 196 0,0035
idy 195 0,0035
fun 194 0,0035
mae 194 0,0035
owo 193 0,0035
ask 192 0,0034
ava 192 0,0034
iec 192 0,0034
kos 192 0,0034
pkm 192 0,0034
rsc 192 0,0034
ajn 190 0,0034
ign 190 0,0034
pęd 190 0,0034
tai 189 0,0034
abi 188 0,0034
dok 188 0,0034
jun 188 0,0034
sta 188 0,0034
agh 187 0,0034
jom 187 0,0034
nea 187 0,0034
ogc 187 0,0034
ppd 187 0,0034
api 186 0,0033
hof 186 0,0033
pic 186 0,0033
nry 185 0,0033
rui 185 0,0033
ssc 185 0,0033
yły 185 0,0033
bnp 184 0,0033
eta 184 0,0033
msv 184 0,0033
poe 184 0,0033
put 184 0,0033
xxv 184 0,0033
bec 183 0,0033
dow 183 0,0033
kss 183 0,0033
pór 183 0,0033
ami 182 0,0033
ceł 182 0,0033
lux 182 0,0033
mba 182 0,0033
mel 182 0,0033
cła 181 0,0032
ist 181 0,0032
anu 180 0,0032
bmg 180 0,0032
pdf 180 0,0032
sdi 180 0,0032
ach 179 0,0032
kan 179 0,0032
oku 179 0,0032
why 179 0,0032
cke 178 0,0032
lan 178 0,0032
moi 178 0,0032
pia 178 0,0032
rin 178 0,0032
cdu 177 0,0032
jef 177 0,0032
sec 177 0,0032
krn 176 0,0032
kóz 176 0,0032
pań 176 0,0032
dba 175 0,0031
ptt 175 0,0031
ulm 175 0,0031
luz 174 0,0031
nić 174 0,0031
gao 173 0,0031
hut 173 0,0031
iin 173 0,0031
lcd 173 0,0031
rys 173 0,0031
sub 173 0,0031
tes 173 0,0031
ywy 173 0,0031
sai 172 0,0031
seu 172 0,0031
zop 172 0,0031
hcg 171 0,0031
tha 171 0,0031
ari 170 0,0030
gas 170 0,0030
lay 170 0,0030
sim 170 0,0030
aws 169 0,0030
inn 169 0,0030
kov 169 0,0030
mat 169 0,0030
ppk 169 0,0030
vic 169 0,0030
ehf 168 0,0030
och 168 0,0030
php 168 0,0030
rvi 168 0,0030
lpr 167 0,0030
own 167 0,0030
pit 167 0,0030
yda 167 0,0030
sit 166 0,0030
ain 165 0,0030
cha 165 0,0030
kbw 165 0,0030
ark 164 0,0029
nik 164 0,0029
bem 163 0,0029
doc 163 0,0029
kde 163 0,0029
nan 163 0,0029
nek 163 0,0029
pwn 163 0,0029
ufa 163 0,0029
abs 162 0,0029
mgm 162 0,0029
mtk 162 0,0029
ora 162 0,0029
ryś 162 0,0029
bug 161 0,0029
mff 161 0,0029
rms 161 0,0029
ęki 161 0,0029
dil 160 0,0029
ila 160 0,0029
rcd 160 0,0029
gan 159 0,0029
kzk 159 0,0029
liz 159 0,0029
rgu 159 0,0029
dit 158 0,0028
dub 158 0,0028
ksc 158 0,0028
ady 157 0,0028
axn 157 0,0028
bch 157 0,0028
lea 157 0,0028
pap 157 0,0028
tal 157 0,0028
tau 157 0,0028
wet 155 0,0028
bee 154 0,0028
flo 154 0,0028
mol 154 0,0028
zio 154 0,0028
żal 154 0,0028
abe 153 0,0027
ata 153 0,0027
bud 153 0,0027
miś 153 0,0027
ner 153 0,0027
aik 152 0,0027
owp 152 0,0027
erę 151 0,0027
nyi 151 0,0027
wat 151 0,0027
ąka 151 0,0027
aga 150 0,0027
ary 150 0,0027
ova 150 0,0027
pck 150 0,0027
uku 150 0,0027
zeń 150 0,0027
col 149 0,0027
psg 149 0,0027
udo 149 0,0027
vom 149 0,0027
vox 149 0,0027
aaa 148 0,0027
ebu 148 0,0027
gur 148 0,0027
ins 148 0,0027
kij 148 0,0027
psi 148 0,0027
acz 147 0,0026
ash 147 0,0026
fra 147 0,0026
gad 147 0,0026
sox 147 0,0026
vin 147 0,0026
brt 146 0,0026
nig 146 0,0026
oro 146 0,0026
rat 146 0,0026
zoe 146 0,0026
ahl 145 0,0026
ela 145 0,0026
erą 145 0,0026
ptk 145 0,0026
skt 145 0,0026
wpd 145 0,0026
bić 144 0,0026
bąk 144 0,0026
dań 144 0,0026
hai 144 0,0026
lam 144 0,0026
luf 144 0,0026
opl 144 0,0026
pam 144 0,0026
zsp 144 0,0026
ado 143 0,0026
its 143 0,0026
koc 143 0,0026
pll 143 0,0026
roa 143 0,0026
dry 142 0,0025
usl 142 0,0025
bsc 141 0,0025
dia 141 0,0025
nel 141 0,0025
rpg 141 0,0025
sid 141 0,0025
uri 141 0,0025
daf 140 0,0025
kmt 140 0,0025
miz 140 0,0025
nga 140 0,0025
sma 140 0,0025
amr 139 0,0025
arm 139 0,0025
fur 139 0,0025
hat 139 0,0025
ldu 139 0,0025
sap 139 0,0025
csm 138 0,0025
htc 138 0,0025
nir 138 0,0025
pić 138 0,0025
rój 138 0,0025
tie 138 0,0025
tin 138 0,0025
cal 137 0,0025
oda 137 0,0025
rea 137 0,0025
nwa 136 0,0024
rth 136 0,0024
caf 135 0,0024
ipa 135 0,0024
lao 135 0,0024
pri 135 0,0024
ghz 134 0,0024
gia 134 0,0024
ppł 134 0,0024
bsd 133 0,0024
gnf 133 0,0024
nor 133 0,0024
pik 133 0,0024
psz 133 0,0024
ral 133 0,0024
toy 133 0,0024
foo 132 0,0024
thy 132 0,0024
yes 132 0,0024
ans 131 0,0023
did 131 0,0023
hak 131 0,0023
khz 131 0,0023
ład 131 0,0023
daj 130 0,0023
dol 130 0,0023
had 130 0,0023
kia 130 0,0023
nut 130 0,0023
ryż 130 0,0023
ecw 129 0,0023
pkn 129 0,0023
tar 129 0,0023
dux 128 0,0023
iva 128 0,0023
jeż 128 0,0023
kks 128 0,0023
lei 128 0,0023
mak 128 0,0023
nsa 128 0,0023
vie 128 0,0023
alf 127 0,0023
ard 127 0,0023
iib 127 0,0023
krl 127 0,0023
awa 126 0,0023
ers 126 0,0023
lsd 126 0,0023
meg 126 0,0023
nin 126 0,0023
ode 126 0,0023
ove 126 0,0023
roc 126 0,0023
sed 126 0,0023
ios 125 0,0022
lip 125 0,0022
mhc 125 0,0022
pew 125 0,0022
rts 125 0,0022
sci 125 0,0022
bio 124 0,0022
cfr 124 0,0022
dag 124 0,0022
hne 124 0,0022
iga 124 0,0022
ilu 124 0,0022
lyn 124 0,0022
ppv 124 0,0022
ryt 124 0,0022
ugi 124 0,0022
use 124 0,0022
bał 123 0,0022
bip 123 0,0022
ioc 123 0,0022
jas 123 0,0022
kei 123 0,0022
ler 123 0,0022
pot 123 0,0022
soo 123 0,0022
aeg 122 0,0022
cut 122 0,0022
eos 122 0,0022
lóż 122 0,0022
gis 121 0,0022
krs 121 0,0022
ksw 121 0,0022
tka 121 0,0022
zee 121 0,0022
atm 120 0,0022
cet 120 0,0022
gut 120 0,0022
rfi 120 0,0022
teb 120 0,0022
adi 119 0,0021
kon 119 0,0021
luk 119 0,0021
saw 119 0,0021
sny 119 0,0021
wkm 119 0,0021
bow 118 0,0021
cka 118 0,0021
dre 118 0,0021
goa 118 0,0021
hol 118 0,0021
mme 118 0,0021
psd 118 0,0021
rum 118 0,0021
seo 118 0,0021
tnt 118 0,0021
irc 117 0,0021
kun 117 0,0021
sęp 117 0,0021
zke 117 0,0021
abą 116 0,0021
als 116 0,0021
anc 116 0,0021
dai 116 0,0021
ena 116 0,0021
mną 116 0,0021
pln 116 0,0021
rst 116 0,0021
sis 116 0,0021
usg 116 0,0021
ółw 116 0,0021
aks 115 0,0021
guo 115 0,0021
pbs 115 0,0021
amc 114 0,0020
dns 114 0,0020
hrt 114 0,0020
lit 114 0,0020
msi 114 0,0020
som 114 0,0020
tus 114 0,0020
hoc 113 0,0020
pad 113 0,0020
tks 113 0,0020
ęka 113 0,0020
bom 112 0,0020
elf 112 0,0020
osa 112 0,0020
owy 112 0,0020
rab 112 0,0020
sor 112 0,0020
tea 112 0,0020
vfr 112 0,0020
aki 111 0,0020
csu 111 0,0020
hle 111 0,0020
itv 111 0,0020
met 111 0,0020
mor 111 0,0020
pzu 111 0,0020
sql 111 0,0020
sse 111 0,0020
tlk 111 0,0020
ati 110 0,0020
cam 110 0,0020
ffa 110 0,0020
hui 110 0,0020
tsa 110 0,0020
dor 109 0,0020
evy 109 0,0020
krc 109 0,0020
ris 109 0,0020
sks 109 0,0020
tri 109 0,0020
ezt 108 0,0019
ned 108 0,0019
pzn 108 0,0019
ufo 108 0,0019
łan 108 0,0019
hla 107 0,0019
ino 107 0,0019
liv 107 0,0019
lys 107 0,0019
odd 107 0,0019
ofk 107 0,0019
tow 107 0,0019
byk 106 0,0019
fsb 106 0,0019
iia 106 0,0019
kły 106 0,0019
lev 106 0,0019
opk 106 0,0019
yun 106 0,0019
ccd 105 0,0019
dir 105 0,0019
eko 105 0,0019
fdp 105 0,0019
hjk 105 0,0019
kaa 105 0,0019
lok 105 0,0019
nou 105 0,0019
sei 105 0,0019
ero 104 0,0019
ewg 104 0,0019
gto 104 0,0019
lgv 104 0,0019
rae 104 0,0019
rot 104 0,0019
tao 104 0,0019
tek 104 0,0019
aka 103 0,0018
asc 103 0,0018
cie 103 0,0018
eme 103 0,0018
lab 103 0,0018
nya 103 0,0018
pie 103 0,0018
tsg 103 0,0018
veb 103 0,0018
znp 103 0,0018
dov 102 0,0018
erc 102 0,0018
goo 102 0,0018
him 102 0,0018
ihf 102 0,0018
jaś 102 0,0018
kth 102 0,0018
lęg 102 0,0018
rbi 102 0,0018
rff 102 0,0018
bwa 101 0,0018
bwv 101 0,0018
ceo 101 0,0018
lad 101 0,0018
lnu 101 0,0018
mdk 101 0,0018
mid 101 0,0018
rej 101 0,0018
sio 101 0,0018
sus 101 0,0018
wim 101 0,0018
yin 101 0,0018
cas 100 0,0018
ccc 100 0,0018
chu 100 0,0018
hay 100 0,0018
ide 100 0,0018
kpk 100 0,0018
sat 100 0,0018
tra 100 0,0018
whl 100 0,0018
zmw 100 0,0018
kfc 99 0,0018
plc 99 0,0018
roh 99 0,0018
rtv 99 0,0018
sia 99 0,0018
tot 99 0,0018
wiz 99 0,0018
zew 99 0,0018
aid 98 0,0018
csa 98 0,0018
eco 98 0,0018
fed 98 0,0018
gęś 98 0,0018
hcp 98 0,0018
iti 98 0,0018
lon 98 0,0018
suk 98 0,0018
yao 98 0,0018
acf 97 0,0017
apy 97 0,0017
due 97 0,0017
ems 97 0,0017
gop 97 0,0017
lla 97 0,0017
try 97 0,0017
zip 97 0,0017
bai 96 0,0017
dun 96 0,0017
kol 96 0,0017
ksk 96 0,0017
mpa 96 0,0017
rkm 96 0,0017
uck 96 0,0017
uli 96 0,0017
wes 96 0,0017
amg 95 0,0017
dek 95 0,0017
epa 95 0,0017
lle 95 0,0017
mcg 95 0,0017
ujk 95 0,0017
zea 95 0,0017
avg 94 0,0017
bil 94 0,0017
bnf 94 0,0017
fai 94 0,0017
ica 94 0,0017
rer 94 0,0017
rga 94 0,0017
rka 94 0,0017
tps 94 0,0017
urn 94 0,0017
vod 94 0,0017
won 94 0,0017
łzy 94 0,0017
ant 93 0,0017
csd 93 0,0017
dis 93 0,0017
gel 93 0,0017
iai 93 0,0017
ike 93 0,0017
ing 93 0,0017
pbg 93 0,0017
piz 93 0,0017
ugo 93 0,0017
upr 93 0,0017
urs 93 0,0017
uwr 93 0,0017
wws 93 0,0017
śpi 93 0,0017
bsg 92 0,0016
eau 92 0,0016
gcl 92 0,0016
gne 92 0,0016
med 92 0,0016
mic 92 0,0016
uki 92 0,0016
cop 91 0,0016
dev 91 0,0016
erp 91 0,0016
gap 91 0,0016
kaj 91 0,0016
ksv 91 0,0016
lej 91 0,0016
nka 91 0,0016
obe 91 0,0016
pub 91 0,0016
rac 91 0,0016
rde 91 0,0016
taj 91 0,0016
til 91 0,0016
uwm 91 0,0016
wdh 91 0,0016
csi 90 0,0016
dum 90 0,0016
evą 90 0,0016
lai 90 0,0016
nmr 90 0,0016
rkc 90 0,0016
ula 90 0,0016
ulf 90 0,0016
uns 90 0,0016
vor 90 0,0016
wpk 90 0,0016
csw 89 0,0016
gać 89 0,0016
grb 89 0,0016
hei 89 0,0016
ils 89 0,0016
iny 89 0,0016
ivy 89 0,0016
rsa 89 0,0016
rsw 89 0,0016
zar 89 0,0016
zkm 89 0,0016
zpp 89 0,0016
bre 88 0,0016
duc 88 0,0016
gpk 88 0,0016
gui 88 0,0016
iem 88 0,0016
ifa 88 0,0016
lau 88 0,0016
lgp 88 0,0016
lod 88 0,0016
mei 88 0,0016
mem 88 0,0016
moe 88 0,0016
pir 88 0,0016
psr 88 0,0016
shu 88 0,0016
tzn 88 0,0016
wen 88 0,0016
bag 87 0,0016
faa 87 0,0016
idę 87 0,0016
lwp 87 0,0016
ody 87 0,0016
oss 87 0,0016
psk 87 0,0016
ryu 87 0,0016
ukf 87 0,0016
zmp 87 0,0016
amp 86 0,0015
aną 86 0,0015
fay 86 0,0015
gmc 86 0,0015
gtp 86 0,0015
hnk 86 0,0015
pił 86 0,0015
łup 86 0,0015
eto 85 0,0015
jag 85 0,0015
jos 85 0,0015
kww 85 0,0015
lje 85 0,0015
log 85 0,0015
luo 85 0,0015
nsw 85 0,0015
odo 85 0,0015
ony 85 0,0015
sdp 85 0,0015
sek 85 0,0015
ugb 85 0,0015
beg 84 0,0015
eat 84 0,0015
fim 84 0,0015
fok 84 0,0015
geo 84 0,0015
hum 84 0,0015
ndr 84 0,0015
nov 84 0,0015
npr 84 0,0015
olt 84 0,0015
pci 84 0,0015
tem 84 0,0015
wsr 84 0,0015
ztm 84 0,0015
aix 83 0,0015
aru 83 0,0015
bmx 83 0,0015
bym 83 0,0015
cwi 83 0,0015
gai 83 0,0015
job 83 0,0015
rym 83 0,0015
uno 83 0,0015
woo 83 0,0015
zus 83 0,0015
abo 82 0,0015
fda 82 0,0015
gru 82 0,0015
ibo 82 0,0015
mal 82 0,0015
nne 82 0,0015
szt 82 0,0015
wec 82 0,0015
cba 81 0,0015
dec 81 0,0015
fps 81 0,0015
gum 81 0,0015
hun 81 0,0015
nai 81 0,0015
ory 81 0,0015
pna 81 0,0015
rtg 81 0,0015
sgh 81 0,0015
ssv 81 0,0015
waz 81 0,0015
żab 81 0,0015
bik 80 0,0014
cee 80 0,0014
ges 80 0,0014
mau 80 0,0014
spv 80 0,0014
wnp 80 0,0014
zlp 80 0,0014
avn 79 0,0014
cor 79 0,0014
doe 79 0,0014
esp 79 0,0014
klm 79 0,0014
kpa 79 0,0014
kpu 79 0,0014
lpa 79 0,0014
roe 79 0,0014
ywe 79 0,0014
bye 78 0,0014
gtx 78 0,0014
hrl 78 0,0014
iwy 78 0,0014
lim 78 0,0014
mpi 78 0,0014
nfi 78 0,0014
opa 78 0,0014
pei 78 0,0014
tex 78 0,0014
uni 78 0,0014
vir 78 0,0014
vue 78 0,0014
wig 78 0,0014
abb 77 0,0014
apa 77 0,0014
fao 77 0,0014
fcm 77 0,0014
gar 77 0,0014
hua 77 0,0014
rik 77 0,0014
tdi 77 0,0014
zdf 77 0,0014
zks 77 0,0014
bam 76 0,0014
bfl 76 0,0014
bhp 76 0,0014
dac 76 0,0014
eno 76 0,0014
ftc 76 0,0014
iwa 76 0,0014
mrc 76 0,0014
msn 76 0,0014
sbb 76 0,0014
sbs 76 0,0014
vio 76 0,0014
weń 76 0,0014
wsb 76 0,0014
zac 76 0,0014
ama 75 0,0013
bac 75 0,0013
bau 75 0,0013
bos 75 0,0013
gpl 75 0,0013
ige 75 0,0013
isi 75 0,0013
mph 75 0,0013
ovą 75 0,0013
soi 75 0,0013
uka 75 0,0013
uke 75 0,0013
ura 75 0,0013
vat 75 0,0013
xie 75 0,0013
deo 74 0,0013
iaf 74 0,0013
iza 74 0,0013
iły 74 0,0013
msc 74 0,0013
nda 74 0,0013
ofc 74 0,0013
pga 74 0,0013
rnc 74 0,0013
spy 74 0,0013
tum 74 0,0013
vos 74 0,0013
vvv 74 0,0013
cóż 73 0,0013
fci 73 0,0013
gon 73 0,0013
gts 73 0,0013
kac 73 0,0013
oks 73 0,0013
ppp 73 0,0013
rau 73 0,0013
rye 73 0,0013
sgo 73 0,0013
shp 73 0,0013
ulg 73 0,0013
wdw 73 0,0013
afp 72 0,0013
atr 72 0,0013
awp 72 0,0013
axe 72 0,0013
cnn 72 0,0013
edi 72 0,0013
egg 72 0,0013
ehc 72 0,0013
fbk 72 0,0013
iba 72 0,0013
muz 72 0,0013
nau 72 0,0013
ott 72 0,0013
sac 72 0,0013
wsw 72 0,0013
gmo 71 0,0013
lvg 71 0,0013
pra 71 0,0013
pss 71 0,0013
wkd 71 0,0013
łęg 71 0,0013
brl 70 0,0013
coe 70 0,0013
cło 70 0,0013
elm 70 0,0013
esc 70 0,0013
fei 70 0,0013
idź 70 0,0013
lec 70 0,0013
mot 70 0,0013
nzs 70 0,0013
ohl 70 0,0013
rwd 70 0,0013
ses 70 0,0013
sti 70 0,0013
tdf 70 0,0013
usc 70 0,0013
zer 70 0,0013
asd 69 0,0012
boo 69 0,0012
cab 69 0,0012
chl 69 0,0012
ddt 69 0,0012
dea 69 0,0012
hac 69 0,0012
ill 69 0,0012
kuc 69 0,0012
nag 69 0,0012
oms 69 0,0012
phi 69 0,0012
rcs 69 0,0012
rve 69 0,0012
ryn 69 0,0012
aja 68 0,0012
app 68 0,0012
apt 68 0,0012
bun 68 0,0012
inc 68 0,0012
noe 68 0,0012
pcc 68 0,0012
sax 68 0,0012
bst 67 0,0012
cyr 67 0,0012
dtm 67 0,0012
eza 67 0,0012
fsc 67 0,0012
ley 67 0,0012
ndh 67 0,0012
nun 67 0,0012
paź 67 0,0012
pcm 67 0,0012
pwt 67 0,0012
rua 67 0,0012
tcp 67 0,0012
tis 67 0,0012
ump 67 0,0012
żup 67 0,0012
afa 66 0,0012
alu 66 0,0012
gem 66 0,0012
gli 66 0,0012
gmt 66 0,0012
kkk 66 0,0012
mew 66 0,0012
mfw 66 0,0012
mun 66 0,0012
nar 66 0,0012
npc 66 0,0012
sao 66 0,0012
shs 66 0,0012
tia 66 0,0012
wgp 66 0,0012
yas 66 0,0012
zug 66 0,0012
aim 65 0,0012
bpk 65 0,0012
gpw 65 0,0012
hen 65 0,0012
hma 65 0,0012
ker 65 0,0012
kmw 65 0,0012
mke 65 0,0012
mri 65 0,0012
ods 65 0,0012
ohv 65 0,0012
rao 65 0,0012
scp 65 0,0012
shl 65 0,0012
sig 65 0,0012
sly 65 0,0012
soe 65 0,0012
ste 65 0,0012
vip 65 0,0012
zup 65 0,0012
źli 65 0,0012
aol 64 0,0011
dmx 64 0,0011
elk 64 0,0011
els 64 0,0011
hcv 64 0,0011
igo 64 0,0011
jus 64 0,0011
lln 64 0,0011
mej 64 0,0011
nrl 64 0,0011
phl 64 0,0011
poz 64 0,0011
pzw 64 0,0011
rta 64 0,0011
sco 64 0,0011
ywa 64 0,0011
łap 64 0,0011
agd 63 0,0011
agi 63 0,0011
bah 63 0,0011
cai 63 0,0011
ces 63 0,0011
coa 63 0,0011
fir 63 0,0011
gta 63 0,0011
nzw 63 0,0011
osy 63 0,0011
wzw 63 0,0011
xiu 63 0,0011
ęgi 63 0,0011
dao 62 0,0011
eba 62 0,0011
izz 62 0,0011
jah 62 0,0011
jai 62 0,0011
koh 62 0,0011
kpd 62 0,0011
kpt 62 0,0011
loi 62 0,0011
mts 62 0,0011
rek 62 0,0011
sil 62 0,0011
uld 62 0,0011
usm 62 0,0011
ysą 62 0,0011
zia 62 0,0011
zim 62 0,0011
bej 61 0,0011
crs 61 0,0011
doi 61 0,0011
ely 61 0,0011
gua 61 0,0011
hee 61 0,0011
int 61 0,0011
jón 61 0,0011
oby 61 0,0011
pre 61 0,0011
rda 61 0,0011
tsr 61 0,0011
tzw 61 0,0011
vaz 61 0,0011
xin 61 0,0011
amo 60 0,0011
bek 60 0,0011
dci 60 0,0011
eck 60 0,0011
emo 60 0,0011
kom 60 0,0011
lal 60 0,0011
leg 60 0,0011
lhs 60 0,0011
lte 60 0,0011
mda 60 0,0011
osc 60 0,0011
psm 60 0,0011
rpm 60 0,0011
tza 60 0,0011
uta 60 0,0011
yer 60 0,0011
łez 60 0,0011
apo 59 0,0011
atk 59 0,0011
blu 59 0,0011
bmi 59 0,0011
dlc 59 0,0011
fos 59 0,0011
gee 59 0,0011
hus 59 0,0011
igm 59 0,0011
kwb 59 0,0011
loo 59 0,0011
mca 59 0,0011
nlo 59 0,0011
pou 59 0,0011
sha 59 0,0011
tcs 59 0,0011
xue 59 0,0011
zan 59 0,0011
ago 58 0,0010
awy 58 0,0010
bnl 58 0,0010
brm 58 0,0010
ckw 58 0,0010
dig 58 0,0010
ech 58 0,0010
ekg 58 0,0010
muł 58 0,0010
nej 58 0,0010
nsu 58 0,0010
oli 58 0,0010
paw 58 0,0010
pcr 58 0,0010
pla 58 0,0010
ppm 58 0,0010
rje 58 0,0010
sep 58 0,0010
ssd 58 0,0010
tat 58 0,0010
tos 58 0,0010
zda 58 0,0010
zsd 58 0,0010
łeb 58 0,0010
cfa 57 0,0010
ddr 57 0,0010
dix 57 0,0010
hou 57 0,0010
hoy 57 0,0010
ksi 57 0,0010
kum 57 0,0010
lom 57 0,0010
lwd 57 0,0010
reg 57 0,0010
ret 57 0,0010
rii 57 0,0010
roś 57 0,0010
rre 57 0,0010
ssa 57 0,0010
ute 57 0,0010
zad 57 0,0010
zin 57 0,0010
ęgu 57 0,0010
ław 57 0,0010
aer 56 0,0010
afl 56 0,0010
anh 56 0,0010
ano 56 0,0010
ass 56 0,0010
cdc 56 0,0010
ecm 56 0,0010
ftp 56 0,0010
kek 56 0,0010
kou 56 0,0010
kri 56 0,0010
kvc 56 0,0010
omi 56 0,0010
rip 56 0,0010
rop 56 0,0010
sch 56 0,0010
skl 56 0,0010
ssr 56 0,0010
tpn 56 0,0010
ulu 56 0,0010
ape 55 0,0010
aps 55 0,0010
baj 55 0,0010
bmc 55 0,0010
bsk 55 0,0010
cbr 55 0,0010
cng 55 0,0010
dmt 55 0,0010
ema 55 0,0010
enz 55 0,0010
fas 55 0,0010
fen 55 0,0010
hej 55 0,0010
hlr 55 0,0010
ibu 55 0,0010
jen 55 0,0010
ksm 55 0,0010
ney 55 0,0010
nfz 55 0,0010
osb 55 0,0010
rup 55 0,0010
tlc 55 0,0010
twa 55 0,0010
tyr 55 0,0010
ahn 54 0,0010
atv 54 0,0010
aza 54 0,0010
bol 54 0,0010
dez 54 0,0010
elo 54 0,0010
evę 54 0,0010
gti 54 0,0010
iar 54 0,0010
icc 54 0,0010
itu 54 0,0010
kew 54 0,0010
lag 54 0,0010
llc 54 0,0010
nao 54 0,0010
rze 54 0,0010
tap 54 0,0010
tun 54 0,0010
ucz 54 0,0010
ven 54 0,0010
woń 54 0,0010
alo 53 0,0010
apc 53 0,0010
ats 53 0,0010
crm 53 0,0010
eur 53 0,0010
fry 53 0,0010
imi 53 0,0010
ise 53 0,0010
jae 53 0,0010
jia 53 0,0010
mea 53 0,0010
mig 53 0,0010
mps 53 0,0010
mrn 53 0,0010
mus 53 0,0010
nrj 53 0,0010
nui 53 0,0010
ori 53 0,0010
rec 53 0,0010
rho 53 0,0010
rwe 53 0,0010
sag 53 0,0010
spr 53 0,0010
tas 53 0,0010
thw 53 0,0010
uag 53 0,0010
acm 52 0,0009
cay 52 0,0009
cow 52 0,0009
eka 52 0,0009
erb 52 0,0009
gpp 52 0,0009
ips 52 0,0009
jiu 52 0,0009
kdh 52 0,0009
lor 52 0,0009
nix 52 0,0009
ols 52 0,0009
puy 52 0,0009
rza 52 0,0009
sdb 52 0,0009
syd 52 0,0009
utw 52 0,0009
wow 52 0,0009
agf 51 0,0009
asm 51 0,0009
bop 51 0,0009
bsp 51 0,0009
cad 51 0,0009
cbc 51 0,0009
cid 51 0,0009
cky 51 0,0009
dim 51 0,0009
eeg 51 0,0009
ewd 51 0,0009
foy 51 0,0009
gif 51 0,0009
hbr 51 0,0009
hfc 51 0,0009
hic 51 0,0009
huk 51 0,0009
kem 51 0,0009
mis 51 0,0009
mvv 51 0,0009
nts 51 0,0009
orf 51 0,0009
ort 51 0,0009
pig 51 0,0009
rgb 51 0,0009
sel 51 0,0009
ske 51 0,0009
snk 51 0,0009
vid 51 0,0009
wyż 51 0,0009
xia 51 0,0009
ych 51 0,0009
zak 51 0,0009
zoz 51 0,0009
aes 50 0,0009
atu 50 0,0009
bak 50 0,0009
bes 50 0,0009
bey 50 0,0009
buy 50 0,0009
cdp 50 0,0009
cnt 50 0,0009
cos 50 0,0009
diz 50 0,0009
drm 50 0,0009
ert 50 0,0009
exe 50 0,0009
hbv 50 0,0009
ika 50 0,0009
ili 50 0,0009
kal 50 0,0009
kup 50 0,0009
kwh 50 0,0009
lng 50 0,0009
lvi 50 0,0009
mpx 50 0,0009
nhk 50 0,0009
obi 50 0,0009
pon 50 0,0009
rim 50 0,0009
sdk 50 0,0009
tuz 50 0,0009
xli 50 0,0009
abę 49 0,0009
bmd 49 0,0009
eis 49 0,0009
ets 49 0,0009
hub 49 0,0009
jeu 49 0,0009
kke 49 0,0009
kpb 49 0,0009
ksp 49 0,0009
loa 49 0,0009
lpg 49 0,0009
mii 49 0,0009
mob 49 0,0009
nme 49 0,0009
pgp 49 0,0009
rbc 49 0,0009
rko 49 0,0009
sko 49 0,0009
udp 49 0,0009
usn 49 0,0009
aon 48 0,0009
atc 48 0,0009
bps 48 0,0009
ccm 48 0,0009
cpu 48 0,0009
ctl 48 0,0009
deb 48 0,0009
dmc 48 0,0009
fdd 48 0,0009
hod 48 0,0009
hsk 48 0,0009
hwa 48 0,0009
ima 48 0,0009
ita 48 0,0009
kea 48 0,0009
lii 48 0,0009
maz 48 0,0009
mbe 48 0,0009
mtp 48 0,0009
nha 48 0,0009
ord 48 0,0009
rov 48 0,0009
rss 48 0,0009
sst 48 0,0009
sów 48 0,0009
tky 48 0,0009
tze 48 0,0009
uav 48 0,0009
upc 48 0,0009
zhi 48 0,0009
łat 48 0,0009
acp 47 0,0008
aku 47 0,0008
apu 47 0,0008
asy 47 0,0008
aue 47 0,0008
aur 47 0,0008
cep 47 0,0008
dax 47 0,0008
een 47 0,0008
fit 47 0,0008
hao 47 0,0008
igg 47 0,0008
lol 47 0,0008
nlp 47 0,0008
ntu 47 0,0008
nye 47 0,0008
okb 47 0,0008
onr 47 0,0008
pae 47 0,0008
pay 47 0,0008
pby 47 0,0008
pst 47 0,0008
tbs 47 0,0008
teo 47 0,0008
ubr 47 0,0008
vas 47 0,0008
wić 47 0,0008
yli 47 0,0008
abn 46 0,0008
anę 46 0,0008
asg 46 0,0008
ato 46 0,0008
bru 46 0,0008
cdr 46 0,0008
csk 46 0,0008
dmp 46 0,0008
dot 46 0,0008
dss 46 0,0008
eks 46 0,0008
eri 46 0,0008
hem 46 0,0008
hme 46 0,0008
hsc 46 0,0008
isu 46 0,0008
ivb 46 0,0008
kaw 46 0,0008
ldl 46 0,0008
lik 46 0,0008
lui 46 0,0008
pld 46 0,0008
ptc 46 0,0008
rni 46 0,0008
rpo 46 0,0008
rtp 46 0,0008
tay 46 0,0008
tir 46 0,0008
ttl 46 0,0008
vik 46 0,0008
vuk 46 0,0008
wee 46 0,0008
wsd 46 0,0008
yet 46 0,0008
zvi 46 0,0008
zwm 46 0,0008
adu 45 0,0008
aro 45 0,0008
bać 45 0,0008
bkw 45 0,0008
byc 45 0,0008
dab 45 0,0008
dny 45 0,0008
fez 45 0,0008
fus 45 0,0008
iaa 45 0,0008
jem 45 0,0008
kik 45 0,0008
kuk 45 0,0008
luv 45 0,0008
mci 45 0,0008
pds 45 0,0008
pim 45 0,0008
psb 45 0,0008
pte 45 0,0008
rds 45 0,0008
ryk 45 0,0008
sow 45 0,0008
tip 45 0,0008
ups 45 0,0008
vln 45 0,0008
wai 45 0,0008
wzz 45 0,0008
aas 44 0,0008
abw 44 0,0008
add 44 0,0008
adp 44 0,0008
aho 44 0,0008
aly 44 0,0008
blp 44 0,0008
btw 44 0,0008
dej 44 0,0008
dhl 44 0,0008
ete 44 0,0008
ito 44 0,0008
kok 44 0,0008
mah 44 0,0008
mec 44 0,0008
mtu 44 0,0008
nge 44 0,0008
nkw 44 0,0008
odę 44 0,0008
ogg 44 0,0008
pce 44 0,0008
rgo 44 0,0008
rsi 44 0,0008
rut 44 0,0008
szp 44 0,0008
uma 44 0,0008
uti 44 0,0008
ver 44 0,0008
wef 44 0,0008
wół 44 0,0008
zil 44 0,0008
acb 43 0,0008
byś 43 0,0008
cms 43 0,0008
dsp 43 0,0008
eca 43 0,0008
eni 43 0,0008
gat 43 0,0008
gin 43 0,0008
gtu 43 0,0008
imp 43 0,0008
ink 43 0,0008
kwp 43 0,0008
mbc 43 0,0008
oop 43 0,0008
orb 43 0,0008
pid 43 0,0008
pęk 43 0,0008
spo 43 0,0008
suv 43 0,0008
tec 43 0,0008
tvr 43 0,0008
ubi 43 0,0008
vee 43 0,0008
wbf 43 0,0008
weg 43 0,0008
yny 43 0,0008
yoo 43 0,0008
ael 42 0,0008
alb 42 0,0008
apr 42 0,0008
cfc 42 0,0008
dex 42 0,0008
dhe 42 0,0008
gos 42 0,0008
gre 42 0,0008
gzi 42 0,0008
ihr 42 0,0008
iry 42 0,0008
jie 42 0,0008
jsw 42 0,0008
kad 42 0,0008
kdp 42 0,0008
knp 42 0,0008
kra 42 0,0008
loc 42 0,0008
mmx 42 0,0008
nfc 42 0,0008
nsl 42 0,0008
okr 42 0,0008
ons 42 0,0008
png 42 0,0008
pom 42 0,0008
ptp 42 0,0008
rix 42 0,0008
sli 42 0,0008
tac 42 0,0008
tic 42 0,0008
upy 42 0,0008
uwb 42 0,0008
vhf 42 0,0008
wse 42 0,0008
ayn 41 0,0007
bie 41 0,0007
bij 41 0,0007
dll 41 0,0007
dma 41 0,0007
dsl 41 0,0007
hor 41 0,0007
huy 41 0,0007
ija 41 0,0007
jug 41 0,0007
kio 41 0,0007
kkp 41 0,0007
nox 41 0,0007
nta 41 0,0007
ovo 41 0,0007
pnl 41 0,0007
puk 41 0,0007
saa 41 0,0007
sgp 41 0,0007
soy 41 0,0007
tft 41 0,0007
uic 41 0,0007
vga 41 0,0007
wal 41 0,0007
wss 41 0,0007
ako 40 0,0007
asi 40 0,0007
avi 40 0,0007
aya 40 0,0007
bed 40 0,0007
bzu 40 0,0007
chy 40 0,0007
ciu 40 0,0007
dsb 40 0,0007
fig 40 0,0007
gej 40 0,0007
gig 40 0,0007
gio 40 0,0007
idi 40 0,0007
krk 40 0,0007
ktm 40 0,0007
nal 40 0,0007
nch 40 0,0007
oza 40 0,0007
ozn 40 0,0007
ptg 40 0,0007
płd 40 0,0007
qua 40 0,0007
stp 40 0,0007
svd 40 0,0007
tae 40 0,0007
tod 40 0,0007
ule 40 0,0007
uul 40 0,0007
wah 40 0,0007
wrx 40 0,0007
yad 40 0,0007
yip 40 0,0007
zkp 40 0,0007
aoc 39 0,0007
asv 39 0,0007
cfu 39 0,0007
dme 39 0,0007
dsm 39 0,0007
dtp 39 0,0007
esk 39 0,0007
fcw 39 0,0007
hpa 39 0,0007
htm 39 0,0007
hug 39 0,0007
ife 39 0,0007
ifs 39 0,0007
iic 39 0,0007
irs 39 0,0007
ism 39 0,0007
isp 39 0,0007
mkz 39 0,0007
mop 39 0,0007
oaz 39 0,0007
ota 39 0,0007
pgw 39 0,0007
plm 39 0,0007
psu 39 0,0007
rbd 39 0,0007
rnu 39 0,0007
rou 39 0,0007
sfr 39 0,0007
slr 39 0,0007
ssn 39 0,0007
thc 39 0,0007
uaz 39 0,0007
zca 39 0,0007
zic 39 0,0007
zzr 39 0,0007
ąck 39 0,0007
ags 38 0,0007
baa 38 0,0007
cmn 38 0,0007
gam 38 0,0007
gyi 38 0,0007
ibl 38 0,0007
iną 38 0,0007
irl 38 0,0007
kao 38 0,0007
kał 38 0,0007
kil 38 0,0007
koi 38 0,0007
kut 38 0,0007
lbe 38 0,0007
lms 38 0,0007
moa 38 0,0007
msp 38 0,0007
nii 38 0,0007
ore 38 0,0007
pią 38 0,0007
pmi 38 0,0007
pnv 38 0,0007
prn 38 0,0007
rag 38 0,0007
rdw 38 0,0007
ree 38 0,0007
sde 38 0,0007
sdz 38 0,0007
spl 38 0,0007
tee 38 0,0007
tua 38 0,0007
uha 38 0,0007
vrh 38 0,0007
wdk 38 0,0007
wer 38 0,0007
wsm 38 0,0007
ywo 38 0,0007
zmk 38 0,0007
adą 37 0,0007
afi 37 0,0007
ahu 37 0,0007
axa 37 0,0007
ayr 37 0,0007
bcr 37 0,0007
bra 37 0,0007
dod 37 0,0007
eps 37 0,0007
fsm 37 0,0007
gie 37 0,0007
ići 37 0,0007
jfk 37 0,0007
kbk 37 0,0007
mux 37 0,0007
ofi 37 0,0007
ops 37 0,0007
osl 37 0,0007
oże 37 0,0007
pkc 37 0,0007
sak 37 0,0007
sfa 37 0,0007
tbd 37 0,0007
tcr 37 0,0007
tol 37 0,0007
uga 37 0,0007
xyz 37 0,0007
zod 37 0,0007
zpb 37 0,0007
zut 37 0,0007
amb 36 0,0006
ane 36 0,0006
arr 36 0,0006
asf 36 0,0006
aso 36 0,0006
bea 36 0,0006
bfc 36 0,0006
bla 36 0,0006
cit 36 0,0006
cks 36 0,0006
dfv 36 0,0006
eds 36 0,0006
eun 36 0,0006
git 36 0,0006
gkm 36 0,0006
gle 36 0,0006
haj 36 0,0006
hud 36 0,0006
joo 36 0,0006
joz 36 0,0006
kis 36 0,0006
kyu 36 0,0006
kęp 36 0,0006
mtn 36 0,0006
noy 36 0,0006
npd 36 0,0006
ntv 36 0,0006
orm 36 0,0006
pda 36 0,0006
pos 36 0,0006
pwr 36 0,0006
sce 36 0,0006
scr 36 0,0006
skw 36 0,0006
spp 36 0,0006
ssk 36 0,0006
swa 36 0,0006
tnm 36 0,0006
toa 36 0,0006
uop 36 0,0006
uwo 36 0,0006
vol 36 0,0006
wtc 36 0,0006
wwo 36 0,0006
bih 35 0,0006
bvg 35 0,0006
cko 35 0,0006
cro 35 0,0006
ctv 35 0,0006
cui 35 0,0006
dfs 35 0,0006
dsa 35 0,0006
emd 35 0,0006
fjr 35 0,0006
gro 35 0,0006
hae 35 0,0006
hin 35 0,0006
hks 35 0,0006
kak 35 0,0006
kam 35 0,0006
kbs 35 0,0006
mek 35 0,0006
mhk 35 0,0006
nol 35 0,0006
nru 35 0,0006
oso 35 0,0006
otk 35 0,0006
pao 35 0,0006
pep 35 0,0006
pts 35 0,0006
ptv 35 0,0006
pym 35 0,0006
rsk 35 0,0006
rób 35 0,0006
sae 35 0,0006
sla 35 0,0006
spi 35 0,0006
tad 35 0,0006
tif 35 0,0006
tma 35 0,0006
tpm 35 0,0006
tse 35 0,0006
tug 35 0,0006
udf 35 0,0006
ukp 35 0,0006
ung 35 0,0006
vlr 35 0,0006
wdr 35 0,0006
wts 35 0,0006
wye 35 0,0006
zou 35 0,0006
śni 35 0,0006
adm 34 0,0006
ast 34 0,0006
biz 34 0,0006
bou 34 0,0006
bpd 34 0,0006
cik 34 0,0006
csp 34 0,0006
dcc 34 0,0006
dfb 34 0,0006
dpp 34 0,0006
dps 34 0,0006
eet 34 0,0006
erg 34 0,0006
erm 34 0,0006
few 34 0,0006
fon 34 0,0006
fsf 34 0,0006
hdz 34 0,0006
hon 34 0,0006
hsg 34 0,0006
ire 34 0,0006
jkh 34 0,0006
kir 34 0,0006
kpr 34 0,0006
kwm 34 0,0006
kęt 34 0,0006
lap 34 0,0006
lid 34 0,0006
lwi 34 0,0006
mex 34 0,0006
mim 34 0,0006
msm 34 0,0006
mód 34 0,0006
nei 34 0,0006
nob 34 0,0006
noi 34 0,0006
omo 34 0,0006
pku 34 0,0006
riu 34 0,0006
sdh 34 0,0006
sip 34 0,0006
snp 34 0,0006
sns 34 0,0006
sód 34 0,0006
tmp 34 0,0006
tpd 34 0,0006
ubb 34 0,0006
uny 34 0,0006
vai 34 0,0006
ved 34 0,0006
vts 34 0,0006
wms 34 0,0006
zsa 34 0,0006
auc 33 0,0006
baw 33 0,0006
bcc 33 0,0006
bci 33 0,0006
ccp 33 0,0006
cda 33 0,0006
cea 33 0,0006
dae 33 0,0006
dct 33 0,0006
ebl 33 0,0006
edu 33 0,0006
evs 33 0,0006
fbc 33 0,0006
fix 33 0,0006
flp 33 0,0006
hmt 33 0,0006
hsd 33 0,0006
ido 33 0,0006
jod 33 0,0006
kda 33 0,0006
ket 33 0,0006
knf 33 0,0006
msr 33 0,0006
mym 33 0,0006
nop 33 0,0006
ofe 33 0,0006
ohr 33 0,0006
okh 33 0,0006
omn 33 0,0006
paf 33 0,0006
pnb 33 0,0006
poł 33 0,0006
ptr 33 0,0006
quy 33 0,0006
rby 33 0,0006
rge 33 0,0006
rsp 33 0,0006
ruy 33 0,0006
scc 33 0,0006
sna 33 0,0006
srb 33 0,0006
sua 33 0,0006
tbm 33 0,0006
tii 33 0,0006
tik 33 0,0006
tov 33 0,0006
tsu 33 0,0006
tuo 33 0,0006
uae 33 0,0006
ufy 33 0,0006
ulc 33 0,0006
wax 33 0,0006
wha 33 0,0006
wil 33 0,0006
yam 33 0,0006
zka 33 0,0006
ące 33 0,0006
ćmy 33 0,0006
adf 32 0,0006
afm 32 0,0006
ahf 32 0,0006
axl 32 0,0006
bsi 32 0,0006
cca 32 0,0006
cle 32 0,0006
cru 32 0,0006
dic 32 0,0006
dru 32 0,0006
efs 32 0,0006
ekd 32 0,0006
ett 32 0,0006
fap 32 0,0006
foz 32 0,0006
fug 32 0,0006
gau 32 0,0006
gtr 32 0,0006
hdl 32 0,0006
hur 32 0,0006
iff 32 0,0006
iks 32 0,0006
kap 32 0,0006
kev 32 0,0006
kkw 32 0,0006
lga 32 0,0006
lkp 32 0,0006
mfa 32 0,0006
mię 32 0,0006
mmc 32 0,0006
mpd 32 0,0006
nay 32 0,0006
nef 32 0,0006
nit 32 0,0006
ntp 32 0,0006
orr 32 0,0006
pdl 32 0,0006
phu 32 0,0006
pur 32 0,0006
puw 32 0,0006
pwk 32 0,0006
sds 32 0,0006
sic 32 0,0006
smp 32 0,0006
srf 32 0,0006
std 32 0,0006
sęk 32 0,0006
taz 32 0,0006
tfi 32 0,0006
tkh 32 0,0006
tms 32 0,0006
uat 32 0,0006
weź 32 0,0006
wma 32 0,0006
wsf 32 0,0006
yen 32 0,0006
yon 32 0,0006
zek 32 0,0006
abt 31 0,0006
aec 31 0,0006
aff 31 0,0006
akp 31 0,0006
avc 31 0,0006
bby 31 0,0006
bdo 31 0,0006
bsa 31 0,0006
bum 31 0,0006
cds 31 0,0006
cws 31 0,0006
dka 31 0,0006
dou 31 0,0006
dse 31 0,0006
fsd 31 0,0006
gbp 31 0,0006
gdi 31 0,0006
gec 31 0,0006
jed 31 0,0006
jer 31 0,0006
jul 31 0,0006
kld 31 0,0006
kpc 31 0,0006
lar 31 0,0006
lob 31 0,0006
lpp 31 0,0006
mcc 31 0,0006
mov 31 0,0006
mrs 31 0,0006
mud 31 0,0006
mór 31 0,0006
nok 31 0,0006
ocd 31 0,0006
oja 31 0,0006
oką 31 0,0006
osą 31 0,0006
otu 31 0,0006
owl 31 0,0006
pai 31 0,0006
pcf 31 0,0006
pij 31 0,0006
rig 31 0,0006
rte 31 0,0006
sbd 31 0,0006
sps 31 0,0006
toi 31 0,0006
tut 31 0,0006
twp 31 0,0006
wdy 31 0,0006
wsg 31 0,0006
yap 31 0,0006
yee 31 0,0006
aab 30 0,0005
aep 30 0,0005
aoi 30 0,0005
att 30 0,0005
awk 30 0,0005
bln 30 0,0005
cer 30 0,0005
cma 30 0,0005
dfx 30 0,0005
dkw 30 0,0005
dso 30 0,0005
dtd 30 0,0005
dts 30 0,0005
dvi 30 0,0005
eon 30 0,0005
epr 30 0,0005
feg 30 0,0005
fey 30 0,0005
fil 30 0,0005
fpk 30 0,0005
hcl 30 0,0005
hye 30 0,0005
jvc 30 0,0005
lir 30 0,0005
liż 30 0,0005
mab 30 0,0005
maż 30 0,0005
mhd 30 0,0005
miu 30 0,0005
mkp 30 0,0005
mrp 30 0,0005
oct 30 0,0005
okp 30 0,0005
osz 30 0,0005
otp 30 0,0005
plh 30 0,0005
plp 30 0,0005
ppn 30 0,0005
rnk 30 0,0005
ssh 30 0,0005
stb 30 0,0005
suw 30 0,0005
tbf 30 0,0005
tsi 30 0,0005
ubp 30 0,0005
vil 30 0,0005
wmf 30 0,0005
ypg 30 0,0005
yue 30 0,0005
zsz 30 0,0005
złp 30 0,0005
żer 30 0,0005
ade 29 0,0005
adę 29 0,0005
asb 29 0,0005
awd 29 0,0005
bgp 29 0,0005
bjj 29 0,0005
brp 29 0,0005
ctp 29 0,0005
cvs 29 0,0005
cyc 29 0,0005
dsv 29 0,0005
epp 29 0,0005
esi 29 0,0005
gaa 29 0,0005
gba 29 0,0005
gge 29 0,0005
img 29 0,0005
imo 29 0,0005
iww 29 0,0005
jkm 29 0,0005
kib 29 0,0005
kuy 29 0,0005
mni 29 0,0005
mpc 29 0,0005
mpl 29 0,0005
nkm 29 0,0005
ntt 29 0,0005
obl 29 0,0005
ozu 29 0,0005
pdc 29 0,0005
phz 29 0,0005
ppl 29 0,0005
prz 29 0,0005
pum 29 0,0005
pwo 29 0,0005
rif 29 0,0005
sfp 29 0,0005
skp 29 0,0005
soc 29 0,0005
sou 29 0,0005
sty 29 0,0005
svt 29 0,0005
tds 29 0,0005
tfs 29 0,0005
tns 29 0,0005
tru 29 0,0005
tul 29 0,0005
tvt 29 0,0005
twh 29 0,0005
tyś 29 0,0005
ude 29 0,0005
ufk 29 0,0005
ure 29 0,0005
uro 29 0,0005
utp 29 0,0005
utu 29 0,0005
vou 29 0,0005
wap 29 0,0005
wea 29 0,0005
wsv 29 0,0005
zat 29 0,0005
zcz 29 0,0005
zel 29 0,0005
zms 29 0,0005
zow 29 0,0005
zpa 29 0,0005
zwą 29 0,0005
aci 28 0,0005
acs 28 0,0005
amw 28 0,0005
ath 28 0,0005
bic 28 0,0005
cbe 28 0,0005
cfm 28 0,0005
cob 28 0,0005
cod 28 0,0005
crt 28 0,0005
dak 28 0,0005
dap 28 0,0005
dja 28 0,0005
ebm 28 0,0005
ede 28 0,0005
ewp 28 0,0005
gev 28 0,0005
gmp 28 0,0005
gok 28 0,0005
gsi 28 0,0005
gym 28 0,0005
icy 28 0,0005
ilo 28 0,0005
inf 28 0,0005
itp 28 0,0005
mfv 28 0,0005
nof 28 0,0005
nsr 28 0,0005
obo 28 0,0005
oki 28 0,0005
ont 28 0,0005
pmw 28 0,0005
ppg 28 0,0005
pvm 28 0,0005
pzr 28 0,0005
qiu 28 0,0005
rke 28 0,0005
rkk 28 0,0005
sby 28 0,0005
spk 28 0,0005
svg 28 0,0005
swd 28 0,0005
sys 28 0,0005
tio 28 0,0005
twe 28 0,0005
ukw 28 0,0005
vcd 28 0,0005
vle 28 0,0005
xlv 28 0,0005
ysy 28 0,0005
zpc 28 0,0005
zpn 28 0,0005
zts 28 0,0005
aud 27 0,0005
avy 27 0,0005
bbs 27 0,0005
bpm 27 0,0005
cbf 27 0,0005
cyd 27 0,0005
dip 27 0,0005
dks 27 0,0005
doł 27 0,0005
drg 27 0,0005
drl 27 0,0005
dsz 27 0,0005
dws 27 0,0005
evi 27 0,0005
fnl 27 0,0005
fog 27 0,0005
gcc 27 0,0005
gpa 27 0,0005
hab 27 0,0005
idf 27 0,0005
kry 27 0,0005
lja 27 0,0005
lka 27 0,0005
mtm 27 0,0005
nee 27 0,0005
nrc 27 0,0005
ocu 27 0,0005
ogo 27 0,0005
oie 27 0,0005
peg 27 0,0005
pes 27 0,0005
pfa 27 0,0005
pgs 27 0,0005
pkd 27 0,0005
pkk 27 0,0005
reb 27 0,0005
reo 27 0,0005
riz 27 0,0005
rns 27 0,0005
rus 27 0,0005
sgr 27 0,0005
sls 27 0,0005
sme 27 0,0005
smk 27 0,0005
ssy 27 0,0005
suo 27 0,0005
sza 27 0,0005
tab 27 0,0005
tax 27 0,0005
tro 27 0,0005
tvs 27 0,0005
uba 27 0,0005
ubu 27 0,0005
udc 27 0,0005
uml 27 0,0005
upn 27 0,0005
uzi 27 0,0005
vde 27 0,0005
xor 27 0,0005
zte 27 0,0005
zzz 27 0,0005
aig 26 0,0005
bia 26 0,0005
bim 26 0,0005
bms 26 0,0005
bro 26 0,0005
bul 26 0,0005
cin 26 0,0005
czi 26 0,0005
dte 26 0,0005
ecs 26 0,0005
edf 26 0,0005
ega 26 0,0005
egs 26 0,0005
ell 26 0,0005
emp 26 0,0005
etz 26 0,0005
hbs 26 0,0005
hdi 26 0,0005
huo 26 0,0005
ibk 26 0,0005
icm 26 0,0005
ics 26 0,0005
ifc 26 0,0005
ini 26 0,0005
ipp 26 0,0005
izu 26 0,0005
jna 26 0,0005
jyp 26 0,0005
kpw 26 0,0005
lds 26 0,0005
leh 26 0,0005
lkm 26 0,0005
lli 26 0,0005
lmg 26 0,0005
lun 26 0,0005
lya 26 0,0005
mhl 26 0,0005
mtj 26 0,0005
mwo 26 0,0005
myć 26 0,0005
nep 26 0,0005
nld 26 0,0005
nrs 26 0,0005
osm 26 0,0005
pah 26 0,0005
pcb 26 0,0005
pee 26 0,0005
pmm 26 0,0005
psc 26 0,0005
pth 26 0,0005
qpr 26 0,0005
raa 26 0,0005
rep 26 0,0005
rub 26 0,0005
ryo 26 0,0005
shy 26 0,0005
skr 26 0,0005
sno 26 0,0005
srg 26 0,0005
tdp 26 0,0005
tkk 26 0,0005
uel 26 0,0005
uhf 26 0,0005
usv 26 0,0005
wbk 26 0,0005
wąs 26 0,0005
xun 26 0,0005
yum 26 0,0005
zed 26 0,0005
zes 26 0,0005
zpr 26 0,0005
acr 25 0,0004
agp 25 0,0004
agu 25 0,0004
alę 25 0,0004
bao 25 0,0004
bfg 25 0,0004
bot 25 0,0004
bsv 25 0,0004
bts 25 0,0004
cbd 25 0,0004
cpm 25 0,0004
crc 25 0,0004
cub 25 0,0004
dca 25 0,0004
dey 25 0,0004
djk 25 0,0004
eny 25 0,0004
ewe 25 0,0004
fac 25 0,0004
fel 25 0,0004
fmd 25 0,0004
gcb 25 0,0004
gir 25 0,0004
gtk 25 0,0004
gue 25 0,0004
hec 25 0,0004
hna 25 0,0004
jpg 25 0,0004
koo 25 0,0004
kyd 25 0,0004
kyi 25 0,0004
kyo 25 0,0004
laz 25 0,0004
ldv 25 0,0004
lep 25 0,0004
leu 25 0,0004
lzl 25 0,0004
mlu 25 0,0004
mok 25 0,0004
mza 25 0,0004
naa 25 0,0004
nom 25 0,0004
npa 25 0,0004
nrt 25 0,0004
oud 25 0,0004
pca 25 0,0004
plo 25 0,0004
rdo 25 0,0004
rki 25 0,0004
rku 25 0,0004
rpk 25 0,0004
sho 25 0,0004
sik 25 0,0004
skh 25 0,0004
sof 25 0,0004
stl 25 0,0004
tkp 25 0,0004
tsb 25 0,0004
tue 25 0,0004
tui 25 0,0004
uap 25 0,0004
vim 25 0,0004
wau 25 0,0004
wik 25 0,0004
wrb 25 0,0004
xxl 25 0,0004
zef 25 0,0004
ziw 25 0,0004
zsc 25 0,0004
żel 25 0,0004
aaf 24 0,0004
agb 24 0,0004
aia 24 0,0004
alm 24 0,0004
arn 24 0,0004
bke 24 0,0004
bua 24 0,0004
cmc 24 0,0004
cur 24 0,0004
drk 24 0,0004
dro 24 0,0004
dób 24 0,0004
edd 24 0,0004
exo 24 0,0004
ezo 24 0,0004
fab 24 0,0004
fcb 24 0,0004
feu 24 0,0004
hdr 24 0,0004
iax 24 0,0004
iko 24 0,0004
ilm 24 0,0004
jbl 24 0,0004
jud 24 0,0004
kpł 24 0,0004
krz 24 0,0004
kts 24 0,0004
lae 24 0,0004
lnp 24 0,0004
lox 24 0,0004
luh 24 0,0004
mfs 24 0,0004
mmo 24 0,0004
nip 24 0,0004
nrg 24 0,0004
nsk 24 0,0004
oao 24 0,0004
odi 24 0,0004
pbz 24 0,0004
peo 24 0,0004
pfl 24 0,0004
pip 24 0,0004
pjm 24 0,0004
pjs 24 0,0004
poa 24 0,0004
ppe 24 0,0004
ppf 24 0,0004
prd 24 0,0004
pse 24 0,0004
pty 24 0,0004
pzp 24 0,0004
rdf 24 0,0004
rid 24 0,0004
rla 24 0,0004
rno 24 0,0004
roo 24 0,0004
ssb 24 0,0004
swr 24 0,0004
tog 24 0,0004
tsl 24 0,0004
tux 24 0,0004
uva 24 0,0004
vms 24 0,0004
wbp 24 0,0004
wkp 24 0,0004
wku 24 0,0004
wro 24 0,0004
wtw 24 0,0004
zob 24 0,0004
zor 24 0,0004
zrk 24 0,0004
acu 23 0,0004
adr 23 0,0004
ads 23 0,0004
afb 23 0,0004
aip 23 0,0004
alg 23 0,0004
bbi 23 0,0004
bdu 23 0,0004
cnc 23 0,0004
cse 23 0,0004
csr 23 0,0004
czo 23 0,0004
dlr 23 0,0004
emc 23 0,0004
fcn 23 0,0004
fea 23 0,0004
ffs 23 0,0004
gdf 23 0,0004
gkp 23 0,0004
gou 23 0,0004
gsc 23 0,0004
hom 23 0,0004
ikp 23 0,0004
ind 23 0,0004
kii 23 0,0004
ksu 23 0,0004
kus 23 0,0004
liw 23 0,0004
lrt 23 0,0004
lyi 23 0,0004
maa 23 0,0004
mdm 23 0,0004
mez 23 0,0004
mky 23 0,0004
msf 23 0,0004
mtl 23 0,0004
ngu 23 0,0004
nów 23 0,0004
olo 23 0,0004
ose 23 0,0004
paa 23 0,0004
pcp 23 0,0004
pdp 23 0,0004
pho 23 0,0004
pok 23 0,0004
pwm 23 0,0004
qos 23 0,0004
rcw 23 0,0004
rgl 23 0,0004
rnp 23 0,0004
sau 23 0,0004
scn 23 0,0004
skb 23 0,0004
skd 23 0,0004
stg 23 0,0004
szi 23 0,0004
tli 23 0,0004
tnw 23 0,0004
trl 23 0,0004
tvo 23 0,0004
uiq 23 0,0004
umc 23 0,0004
usk 23 0,0004
utk 23 0,0004
vzv 23 0,0004
woś 23 0,0004
xen 23 0,0004
zec 23 0,0004
abm 22 0,0004
aha 22 0,0004
aji 22 0,0004
arx 22 0,0004
ate 22 0,0004
boz 22 0,0004
buu 22 0,0004
bww 22 0,0004
cmk 22 0,0004
coq 22 0,0004
crp 22 0,0004
czu 22 0,0004
diy 22 0,0004
dpg 22 0,0004
dwl 22 0,0004
ekv 22 0,0004
eog 22 0,0004
fet 22 0,0004
gfk 22 0,0004
gul 22 0,0004
haw 22 0,0004
hsu 22 0,0004
idm 22 0,0004
ids 22 0,0004
ihp 22 0,0004
inż 22 0,0004
isd 22 0,0004
jit 22 0,0004
kgw 22 0,0004
kpj 22 0,0004
lak 22 0,0004
lge 22 0,0004
lhc 22 0,0004
lna 22 0,0004
lts 22 0,0004
ltv 22 0,0004
mcp 22 0,0004
mms 22 0,0004
moj 22 0,0004
mse 22 0,0004
mua 22 0,0004
nav 22 0,0004
nbl 22 0,0004
npo 22 0,0004
nwt 22 0,0004
olą 22 0,0004
opc 22 0,0004
otw 22 0,0004
rdr 22 0,0004
rma 22 0,0004
rtm 22 0,0004
sbu 22 0,0004
sca 22 0,0004
shr 22 0,0004
spe 22 0,0004
ssl 22 0,0004
sth 22 0,0004
suu 22 0,0004
tke 22 0,0004
tof 22 0,0004
vnv 22 0,0004
voz 22 0,0004
wdc 22 0,0004
wfm 22 0,0004
wpa 22 0,0004
wtf 22 0,0004
wór 22 0,0004
xad 22 0,0004
yto 22 0,0004
ywą 22 0,0004
zwc 22 0,0004
złu 22 0,0004
aac 21 0,0004
akm 21 0,0004
amu 21 0,0004
amz 21 0,0004
asx 21 0,0004
bep 21 0,0004
cft 21 0,0004
cgs 21 0,0004
cpc 21 0,0004
dsk 21 0,0004
dud 21 0,0004
eid 21 0,0004
epc 21 0,0004
esv 21 0,0004
fbm 21 0,0004
fsr 21 0,0004
fux 21 0,0004
gak 21 0,0004
ghb 21 0,0004
gzp 21 0,0004
hst 21 0,0004
icl 21 0,0004
ifr 21 0,0004
igs 21 0,0004
inr 21 0,0004
izy 21 0,0004
jek 21 0,0004
jil 21 0,0004
jow 21 0,0004
jzs 21 0,0004
kee 21 0,0004
mmt 21 0,0004
mom 21 0,0004
moś 21 0,0004
mpb 21 0,0004
nbs 21 0,0004
nky 21 0,0004
num 21 0,0004
nyc 21 0,0004
obr 21 0,0004
oje 21 0,0004
ong 21 0,0004
ooo 21 0,0004
osk 21 0,0004
pdg 21 0,0004
pgk 21 0,0004
pha 21 0,0004
pii 21 0,0004
ppi 21 0,0004
pup 21 0,0004
qam 21 0,0004
ril 21 0,0004
rne 21 0,0004
rul 21 0,0004
sbp 21 0,0004
sjm 21 0,0004
ssp 21 0,0004
str 21 0,0004
swz 21 0,0004
sym 21 0,0004
ukm 21 0,0004
ukr 21 0,0004
umi 21 0,0004
uru 21 0,0004
vig 21 0,0004
vky 21 0,0004
vry 21 0,0004
vvd 21 0,0004
wrs 21 0,0004
zal 21 0,0004
zam 21 0,0004
zap 21 0,0004
zas 21 0,0004
zzs 21 0,0004
ąda 21 0,0004
aib 20 0,0004
amx 20 0,0004
bfw 20 0,0004
bgl 20 0,0004
bls 20 0,0004
bvb 20 0,0004
byl 20 0,0004
cac 20 0,0004
ccs 20 0,0004
cdi 20 0,0004
cgm 20 0,0004
cgt 20 0,0004
chr 20 0,0004
crb 20 0,0004
crl 20 0,0004
csc 20 0,0004
csf 20 0,0004
div 20 0,0004
dkf 20 0,0004
dlp 20 0,0004
drs 20 0,0004
dsd 20 0,0004
dua 20 0,0004
ene 20 0,0004
esl 20 0,0004
etf 20 0,0004
fam 20 0,0004
fee 20 0,0004
gjs 20 0,0004
goł 20 0,0004
grc 20 0,0004
gtb 20 0,0004
gte 20 0,0004
hli 20 0,0004
hoa 20 0,0004
hoi 20 0,0004
hpv 20 0,0004
hsh 20 0,0004
ipl 20 0,0004
itm 20 0,0004
jop 20 0,0004
juz 20 0,0004
kds 20 0,0004
kha 20 0,0004
kpe 20 0,0004
kpi 20 0,0004
kuś 20 0,0004
kya 20 0,0004
lby 20 0,0004
lde 20 0,0004
lgg 20 0,0004
lut 20 0,0004
mch 20 0,0004
mią 20 0,0004
mre 20 0,0004
mvc 20 0,0004
ncs 20 0,0004
nks 20 0,0004
nmc 20 0,0004
nna 20 0,0004
nrf 20 0,0004
nsb 20 0,0004
nuh 20 0,0004
pke 20 0,0004
poi 20 0,0004
pzb 20 0,0004
pzm 20 0,0004
qed 20 0,0004
qsl 20 0,0004
rar 20 0,0004
rav 20 0,0004
rkw 20 0,0004
rps 20 0,0004
rsm 20 0,0004
sdr 20 0,0004
siu 20 0,0004
skk 20 0,0004
sob 20 0,0004
soż 20 0,0004
svp 20 0,0004
tei 20 0,0004
thq 20 0,0004
tig 20 0,0004
tmk 20 0,0004
utm 20 0,0004
vdi 20 0,0004
wda 20 0,0004
wel 20 0,0004
wom 20 0,0004
wzs 20 0,0004
yau 20 0,0004
zmd 20 0,0004
łac 20 0,0004
aad 19 0,0003
aat 19 0,0003
aca 19 0,0003
afu 19 0,0003
ake 19 0,0003
arg 19 0,0003
avl 19 0,0003
avr 19 0,0003
bcd 19 0,0003
bmp 19 0,0003
bpr 19 0,0003
cgi 19 0,0003
cim 19 0,0003
dew 19 0,0003
dyk 19 0,0003
dyl 19 0,0003
emb 19 0,0003
fmr 19 0,0003
gpz 19 0,0003
hdf 19 0,0003
hóa 19 0,0003
iam 19 0,0003
ici 19 0,0003
ihs 19 0,0003
inz 19 0,0003
ipc 19 0,0003
jes 19 0,0003
jsm 19 0,0003
jur 19 0,0003
jyn 19 0,0003
kbn 19 0,0003
kip 19 0,0003
kph 19 0,0003
kpl 19 0,0003
kpv 19 0,0003
lca 19 0,0003
lcs 19 0,0003
lop 19 0,0003
loy 19 0,0003
lsv 19 0,0003
lva 19 0,0003
lxx 19 0,0003
mey 19 0,0003
mno 19 0,0003
mou 19 0,0003
mrg 19 0,0003
nak 19 0,0003
nfa 19 0,0003
nje 19 0,0003
nod 19 0,0003
nra 19 0,0003
ntl 19 0,0003
nym 19 0,0003
odą 19 0,0003
ofs 19 0,0003
ojo 19 0,0003
okw 19 0,0003
pcd 19 0,0003
pcz 19 0,0003
pib 19 0,0003
plb 19 0,0003
prc 19 0,0003
prs 19 0,0003
ptm 19 0,0003
pun 19 0,0003
pvp 19 0,0003
pyu 19 0,0003
pzg 19 0,0003
rel 19 0,0003
rkl 19 0,0003
rtc 19 0,0003
rtk 19 0,0003
sct 19 0,0003
siw 19 0,0003
ssg 19 0,0003
ssm 19 0,0003
ssw 19 0,0003
swp 19 0,0003
tcl 19 0,0003
tco 19 0,0003
teu 19 0,0003
tey 19 0,0003
tga 19 0,0003
thk 19 0,0003
tou 19 0,0003
tta 19 0,0003
tuf 19 0,0003
ufs 19 0,0003
uia 19 0,0003
ume 19 0,0003
uso 19 0,0003
usp 19 0,0003
vem 19 0,0003
voy 19 0,0003
vtj 19 0,0003
vtk 19 0,0003
vuh 19 0,0003
wnt 19 0,0003
wrt 19 0,0003
wwa 19 0,0003
wym 19 0,0003
yui 19 0,0003
zis 19 0,0003
łoś 19 0,0003
aar 18 0,0003
aco 18 0,0003
afs 18 0,0003
agv 18 0,0003
aif 18 0,0003
ait 18 0,0003
amv 18 0,0003
arę 18 0,0003
aty 18 0,0003
aug 18 0,0003
awi 18 0,0003
awr 18 0,0003
ble 18 0,0003
bmt 18 0,0003
bnd 18 0,0003
brd 18 0,0003
bwp 18 0,0003
cdm 18 0,0003
cdv 18 0,0003
deu 18 0,0003
dha 18 0,0003
djs 18 0,0003
dsw 18 0,0003
duś 18 0,0003
dvb 18 0,0003
dwt 18 0,0003
ebc 18 0,0003
efa 18 0,0003
ele 18 0,0003
elu 18 0,0003
eng 18 0,0003
ens 18 0,0003
eru 18 0,0003
eth 18 0,0003
fcf 18 0,0003
fcv 18 0,0003
fcx 18 0,0003
fic 18 0,0003
flu 18 0,0003
gab 18 0,0003
gbi 18 0,0003
gla 18 0,0003
gma 18 0,0003
gor 18 0,0003
gpf 18 0,0003
gza 18 0,0003
hex 18 0,0003
idp 18 0,0003
imc 18 0,0003
jać 18 0,0003
jdm 18 0,0003
jeb 18 0,0003
jol 18 0,0003
kle 18 0,0003
kob 18 0,0003
kub 18 0,0003
kwa 18 0,0003
kwc 18 0,0003
kzd 18 0,0003
kła 18 0,0003
lgc 18 0,0003
lpk 18 0,0003
mbb 18 0,0003
mdr 18 0,0003
mfc 18 0,0003
mgo 18 0,0003
mik 18 0,0003
mjm 18 0,0003
msa 18 0,0003
nki 18 0,0003
nku 18 0,0003
nnu 18 0,0003
nsi 18 0,0003
ohk 18 0,0003
oui 18 0,0003
pgl 18 0,0003
pgm 18 0,0003
pjn 18 0,0003
pjw 18 0,0003
qrp 18 0,0003
rev 18 0,0003
rkp 18 0,0003
rml 18 0,0003
ror 18 0,0003
rpr 18 0,0003
rva 18 0,0003
ryx 18 0,0003
sań 18 0,0003
sgc 18 0,0003
shk 18 0,0003
smą 18 0,0003
ssi 18 0,0003
syr 18 0,0003
tet 18 0,0003
ths 18 0,0003
toń 18 0,0003
uac 18 0,0003
uby 18 0,0003
ugu 18 0,0003
usu 18 0,0003
vhl 18 0,0003
wfp 18 0,0003
wok 18 0,0003
wot 18 0,0003
wto 18 0,0003
yeh 18 0,0003
yeu 18 0,0003
yit 18 0,0003
zań 18 0,0003
zps 18 0,0003
zwi 18 0,0003
adc 17 0,0003
agę 17 0,0003
ajs 17 0,0003
ams 17 0,0003
bcs 17 0,0003
bph 17 0,0003
bpn 17 0,0003
bwr 17 0,0003
bęc 17 0,0003
cdn 17 0,0003
cem 17 0,0003
cez 17 0,0003
cga 17 0,0003
cjd 17 0,0003
clp 17 0,0003
coj 17 0,0003
cvt 17 0,0003
cyl 17 0,0003
cza 17 0,0003
dfw 17 0,0003
dik 17 0,0003
dlm 17 0,0003
dmr 17 0,0003
duk 17 0,0003
ear 17 0,0003
ece 17 0,0003
eki 17 0,0003
etc 17 0,0003
ezy 17 0,0003
fau 17 0,0003
fck 17 0,0003
fdc 17 0,0003
fem 17 0,0003
feo 17 0,0003
gaf 17 0,0003
gdp 17 0,0003
ged 17 0,0003
ghi 17 0,0003
gib 17 0,0003
gna 17 0,0003
gwh 17 0,0003
hoo 17 0,0003
hvv 17 0,0003
iap 17 0,0003
ibb 17 0,0003
ict 17 0,0003
ifl 17 0,0003
igw 17 0,0003
inę 17 0,0003
ivc 17 0,0003
ivi 17 0,0003
iłu 17 0,0003
jax 17 0,0003
jks 17 0,0003
keo 17 0,0003
kep 17 0,0003
kic 17 0,0003
kpz 17 0,0003
lba 17 0,0003
lda 17 0,0003
lff 17 0,0003
lló 17 0,0003
lmp 17 0,0003
mbi 17 0,0003
mbr 17 0,0003
mbs 17 0,0003
meu 17 0,0003
mev 17 0,0003
mij 17 0,0003
mmp 17 0,0003
mtr 17 0,0003
muy 17 0,0003
mwh 17 0,0003
mya 17 0,0003
nwo 17 0,0003
oed 17 0,0003
ohc 17 0,0003
onę 17 0,0003
opp 17 0,0003
orz 17 0,0003
otc 17 0,0003
pbp 17 0,0003
pcw 17 0,0003
pdw 17 0,0003
pka 17 0,0003
pli 17 0,0003
prp 17 0,0003
ptb 17 0,0003
ptf 17 0,0003
puc 17 0,0003
puł 17 0,0003
pza 17 0,0003
pzh 17 0,0003
pzt 17 0,0003
rbk 17 0,0003
rdi 17 0,0003
roj 17 0,0003
rpf 17 0,0003
rrc 17 0,0003
rse 17 0,0003
sab 17 0,0003
seg 17 0,0003
sif 17 0,0003
sni 17 0,0003
sot 17 0,0003
swt 17 0,0003
taż 17 0,0003
tca 17 0,0003
tkn 17 0,0003
tls 17 0,0003
toe 17 0,0003
tub 17 0,0003
vse 17 0,0003
wac 17 0,0003
wed 17 0,0003
wps 17 0,0003
yim 17 0,0003
yna 17 0,0003
zgk 17 0,0003
zog 17 0,0003
zpo 17 0,0003
zrp 17 0,0003
zzk 17 0,0003
żar 17 0,0003
agc 16 0,0003
aic 16 0,0003
alk 16 0,0003
apl 16 0,0003
bca 16 0,0003
bgb 16 0,0003
bkv 16 0,0003
bog 16 0,0003
btc 16 0,0003
buc 16 0,0003
bur 16 0,0003
cde 16 0,0003
cfl 16 0,0003
ckr 16 0,0003
cne 16 0,0003
cwt 16 0,0003
dep 16 0,0003
diu 16 0,0003
dió 16 0,0003
dpd 16 0,0003
dpi 16 0,0003
dze 16 0,0003
ebd 16 0,0003
epi 16 0,0003
fec 16 0,0003
fjn 16 0,0003
foi 16 0,0003
fpp 16 0,0003
frs 16 0,0003
fsi 16 0,0003
gfa 16 0,0003
gfr 16 0,0003
gfs 16 0,0003
goh 16 0,0003
goj 16 0,0003
grs 16 0,0003
hau 16 0,0003
hmp 16 0,0003
hog 16 0,0003
hra 16 0,0003
huh 16 0,0003
hvc 16 0,0003
iab 16 0,0003
ibi 16 0,0003
icd 16 0,0003
idl 16 0,0003
jat 16 0,0003
jeg 16 0,0003
joj 16 0,0003
jot 16 0,0003
jsk 16 0,0003
kbc 16 0,0003
kdw 16 0,0003
kes 16 0,0003
kie 16 0,0003
kóp 16 0,0003
laf 16 0,0003
ldp 16 0,0003
leó 16 0,0003
lgl 16 0,0003
llp 16 0,0003
lov 16 0,0003
maw 16 0,0003
maź 16 0,0003
mbl 16 0,0003
mru 16 0,0003
msh 16 0,0003
mwe 16 0,0003
myo 16 0,0003
nab 16 0,0003
ndp 16 0,0003
nkn 16 0,0003
nkp 16 0,0003
nsx 16 0,0003
nuk 16 0,0003
ocr 16 0,0003
okm 16 0,0003
ooh 16 0,0003
oze 16 0,0003
pbi 16 0,0003
pcv 16 0,0003
pek 16 0,0003
pmr 16 0,0003
pms 16 0,0003
pov 16 0,0003
pzf 16 0,0003
pzz 16 0,0003
qml 16 0,0003
rah 16 0,0003
rck 16 0,0003
rle 16 0,0003
rlm 16 0,0003
rny 16 0,0003
rsd 16 0,0003
rsv 16 0,0003
rtr 16 0,0003
rwy 16 0,0003
rzs 16 0,0003
sbf 16 0,0003
seb 16 0,0003
sii 16 0,0003
stw 16 0,0003
szu 16 0,0003
tcm 16 0,0003
tfw 16 0,0003
tho 16 0,0003
thu 16 0,0003
tuk 16 0,0003
tyi 16 0,0003
uża 16 0,0003
vag 16 0,0003
voi 16 0,0003
wca 16 0,0003
woh 16 0,0003
wos 16 0,0003
wsh 16 0,0003
xsl 16 0,0003
yai 16 0,0003
zne 16 0,0003
zok 16 0,0003
zra 16 0,0003
zso 16 0,0003
zzp 16 0,0003
abk 15 0,0003
abl 15 0,0003
acc 15 0,0003
aei 15 0,0003
ahi 15 0,0003
aln 15 0,0003
aml 15 0,0003
arl 15 0,0003
avę 15 0,0003
awo 15 0,0003
aye 15 0,0003
bax 15 0,0003
bbe 15 0,0003
blg 15 0,0003
cli 15 0,0003
cme 15 0,0003
cpg 15 0,0003
cpl 15 0,0003
cpr 15 0,0003
dah 15 0,0003
dfa 15 0,0003
dfc 15 0,0003
dht 15 0,0003
dji 15 0,0003
dkp 15 0,0003
dnę 15 0,0003
dus 15 0,0003
dwg 15 0,0003
eee 15 0,0003
eku 15 0,0003
epo 15 0,0003
ezd 15 0,0003
faq 15 0,0003
fał 15 0,0003
fcc 15 0,0003
fco 15 0,0003
fdl 15 0,0003
fle 15 0,0003
fms 15 0,0003
fob 15 0,0003
fol 15 0,0003
gbe 15 0,0003
gfp 15 0,0003
gog 15 0,0003
gtc 15 0,0003
hba 15 0,0003
hbf 15 0,0003
hco 15 0,0003
hgb 15 0,0003
hnl 15 0,0003
hos 15 0,0003
hrs 15 0,0003
ias 15 0,0003
idu 15 0,0003
isy 15 0,0003
itt 15 0,0003
jme 15 0,0003
jog 15 0,0003
kah 15 0,0003
kaz 15 0,0003
kbe 15 0,0003
kej 15 0,0003
kns 15 0,0003
koe 15 0,0003
ktr 15 0,0003
kvm 15 0,0003
kws 15 0,0003
lky 15 0,0003
lps 15 0,0003
lwu 15 0,0003
mać 15 0,0003
mck 15 0,0003
mdc 15 0,0003
mmi 15 0,0003
mox 15 0,0003
npl 15 0,0003
nus 15 0,0003
odf 15 0,0003
odm 15 0,0003
oem 15 0,0003
olę 15 0,0003
oma 15 0,0003
omv 15 0,0003
ork 15 0,0003
oti 15 0,0003
otv 15 0,0003
ovi 15 0,0003
oye 15 0,0003
ozy 15 0,0003
pco 15 0,0003
pdh 15 0,0003
phd 15 0,0003
pil 15 0,0003
ppu 15 0,0003
prk 15 0,0003
psn 15 0,0003
pvc 15 0,0003
rch 15 0,0003
rdp 15 0,0003
rfa 15 0,0003
rtf 15 0,0003
ruf 15 0,0003
ryd 15 0,0003
saz 15 0,0003
scl 15 0,0003
sgi 15 0,0003
soa 15 0,0003
spf 15 0,0003
spn 15 0,0003
sup 15 0,0003
sva 15 0,0003
sxl 15 0,0003
sze 15 0,0003
tbv 15 0,0003
thf 15 0,0003
tki 15 0,0003
tpa 15 0,0003
tpo 15 0,0003
ttp 15 0,0003
ucl 15 0,0003
uty 15 0,0003
vab 15 0,0003
vad 15 0,0003
vif 15 0,0003
vlc 15 0,0003
vlt 15 0,0003
vsc 15 0,0003
wiń 15 0,0003
wmg 15 0,0003
wwp 15 0,0003
wyk 15 0,0003
yaw 15 0,0003
zai 15 0,0003
zao 15 0,0003
ziv 15 0,0003
zln 15 0,0003
ółć 15 0,0003
ćma 15 0,0003
łba 15 0,0003
żyd 15 0,0003
ack 14 0,0003
adv 14 0,0003
awe 14 0,0003
ayo 14 0,0003
ałe 14 0,0003
bcb 14 0,0003
bdp 14 0,0003
bgk 14 0,0003
bka 14 0,0003
bli 14 0,0003
bme 14 0,0003
bod 14 0,0003
bui 14 0,0003
caw 14 0,0003
cki 14 0,0003
cpn 14 0,0003
cta 14 0,0003
ctf 14 0,0003
cti 14 0,0003
dbe 14 0,0003
dce 14 0,0003
dcp 14 0,0003
ddb 14 0,0003
dfk 14 0,0003
dqs 14 0,0003
dsc 14 0,0003
dża 14 0,0003
eap 14 0,0003
efi 14 0,0003
emg 14 0,0003
ese 14 0,0003
ffc 14 0,0003
flv 14 0,0003
foe 14 0,0003
fta 14 0,0003
gac 14 0,0003
gko 14 0,0003
gss 14 0,0003
gye 14 0,0003
hag 14 0,0003
hue 14 0,0003
iau 14 0,0003
icp 14 0,0003
ien 14 0,0003
iha 14 0,0003
iis 14 0,0003
jab 14 0,0003
jac 14 0,0003
jov 14 0,0003
jpk 14 0,0003
jsp 14 0,0003
kbp 14 0,0003
kgp 14 0,0003
koj 14 0,0003
kro 14 0,0003
ksa 14 0,0003
lax 14 0,0003
lfo 14 0,0003
lgd 14 0,0003
lha 14 0,0003
lic 14 0,0003
loe 14 0,0003
lst 14 0,0003
lua 14 0,0003
mcm 14 0,0003
mdp 14 0,0003
mep 14 0,0003
mip 14 0,0003
mkb 14 0,0003
mkk 14 0,0003
mll 14 0,0003
mmm 14 0,0003
mna 14 0,0003
msg 14 0,0003
msk 14 0,0003
mss 14 0,0003
mys 14 0,0003
ngo 14 0,0003
nhc 14 0,0003
niu 14 0,0003
njg 14 0,0003
nla 14 0,0003
nrk 14 0,0003
nwp 14 0,0003
oga 14 0,0003
oha 14 0,0003
osw 14 0,0003
ovs 14 0,0003
pbl 14 0,0003
pbm 14 0,0003
pdk 14 0,0003
pdr 14 0,0003
pdt 14 0,0003
pea 14 0,0003
pfc 14 0,0003
pih 14 0,0003
pmp 14 0,0003
pnp 14 0,0003
ppa 14 0,0003
prm 14 0,0003
ptl 14 0,0003
pug 14 0,0003
pwi 14 0,0003
pye 14 0,0003
pzk 14 0,0003
pzs 14 0,0003
rjp 14 0,0003
rmb 14 0,0003
rmi 14 0,0003
rol 14 0,0003
sbk 14 0,0003
scb 14 0,0003
sda 14 0,0003
sku 14 0,0003
smh 14 0,0003
smo 14 0,0003
snr 14 0,0003
sov 14 0,0003
srk 14 0,0003
srs 14 0,0003
stv 14 0,0003
tef 14 0,0003
tfk 14 0,0003
trg 14 0,0003
tsh 14 0,0003
tts 14 0,0003
tuy 14 0,0003
tyc 14 0,0003
ubs 14 0,0003
ucd 14 0,0003
uea 14 0,0003
unr 14 0,0003
vpn 14 0,0003
vss 14 0,0003
wcg 14 0,0003
wdą 14 0,0003
wff 14 0,0003
wgn 14 0,0003
wso 14 0,0003
xan 14 0,0003
xna 14 0,0003
xul 14 0,0003
yse 14 0,0003
yło 14 0,0003
zem 14 0,0003
zfc 14 0,0003
zje 14 0,0003
zon 14 0,0003
zww 14 0,0003
acy 13 0,0002
aje 13 0,0002
anr 13 0,0002
anz 13 0,0002
apk 13 0,0002
aub 13 0,0002
bbn 13 0,0002
bcg 13 0,0002
bix 13 0,0002
boc 13 0,0002
boh 13 0,0002
boj 13 0,0002
bvm 13 0,0002
byd 13 0,0002
cae 13 0,0002
cau 13 0,0002
cfo 13 0,0002
cfp 13 0,0002
cgw 13 0,0002
clm 13 0,0002
cmf 13 0,0002
cps 13 0,0002
csb 13 0,0002
csl 13 0,0002
csn 13 0,0002
cvc 13 0,0002
cwf 13 0,0002
ddp 13 0,0002
dii 13 0,0002
dpa 13 0,0002
dtt 13 0,0002
dug 13 0,0002
dzt 13 0,0002
ecu 13 0,0002
eec 13 0,0002
eic 13 0,0002
emy 13 0,0002
esd 13 0,0002
fad 13 0,0002
fcs 13 0,0002
fik 13 0,0002
fut 13 0,0002
gdk 13 0,0002
gpr 13 0,0002
gsd 13 0,0002
gsg 13 0,0002
gsx 13 0,0002
hbw 13 0,0002
hno 13 0,0002
hok 13 0,0002
hsl 13 0,0002
hsw 13 0,0002
hts 13 0,0002
huc 13 0,0002
igi 13 0,0002
iju 13 0,0002
ilc 13 0,0002
ime 13 0,0002
imu 13 0,0002
itc 13 0,0002
itr 13 0,0002
jds 13 0,0002
jkw 13 0,0002
joł 13 0,0002
jra 13 0,0002
jsc 13 0,0002
jtd 13 0,0002
kcb 13 0,0002
khe 13 0,0002
kla 13 0,0002
kru 13 0,0002
kuh 13 0,0002
kuo 13 0,0002
kva 13 0,0002
kęs 13 0,0002
ldi 13 0,0002
lgb 13 0,0002
lpt 13 0,0002
lrv 13 0,0002
lse 13 0,0002
lus 13 0,0002
mbo 13 0,0002
mib 13 0,0002
mif 13 0,0002
mkl 13 0,0002
mlt 13 0,0002
mnd 13 0,0002
moy 13 0,0002
mrt 13 0,0002
mta 13 0,0002
mtx 13 0,0002
myi 13 0,0002
nci 13 0,0002
noa 13 0,0002
npm 13 0,0002
nyk 13 0,0002
nyu 13 0,0002
oat 13 0,0002
ogr 13 0,0002
oid 13 0,0002
oju 13 0,0002
oql 13 0,0002
oxo 13 0,0002
oya 13 0,0002
pct 13 0,0002
pdm 13 0,0002
peu 13 0,0002
pfp 13 0,0002
pix 13 0,0002
rbe 13 0,0002
rbs 13 0,0002
rcm 13 0,0002
rfk 13 0,0002
rit 13 0,0002
rme 13 0,0002
rwa 13 0,0002
rzy 13 0,0002
rós 13 0,0002
sej 13 0,0002
sfm 13 0,0002
shb 13 0,0002
slc 13 0,0002
smb 13 0,0002
sop 13 0,0002
srp 13 0,0002
suh 13 0,0002
svo 13 0,0002
szn 13 0,0002
szy 13 0,0002
taf 13 0,0002
tdd 13 0,0002
tgs 13 0,0002
thp 13 0,0002
tit 13 0,0002
tuł 13 0,0002
tvm 13 0,0002
txt 13 0,0002
ucp 13 0,0002
ugt 13 0,0002
ukh 13 0,0002
umb 13 0,0002
unp 13 0,0002
uor 13 0,0002
urt 13 0,0002
utr 13 0,0002
vay 13 0,0002
vcc 13 0,0002
vps 13 0,0002
vrt 13 0,0002
vtb 13 0,0002
wep 13 0,0002
wfs 13 0,0002
wij 13 0,0002
wkn 13 0,0002
wog 13 0,0002
wsl 13 0,0002
wsz 13 0,0002
wyd 13 0,0002
xfs 13 0,0002
yko 13 0,0002
ypm 13 0,0002
yre 13 0,0002
zig 13 0,0002
zoa 13 0,0002
zoi 13 0,0002
ztp 13 0,0002
zue 13 0,0002
zzl 13 0,0002
aap 12 0,0002
adb 12 0,0002
ail 12 0,0002
ajp 12 0,0002
amk 12 0,0002
anp 12 0,0002
aor 12 0,0002
asr 12 0,0002
atf 12 0,0002
awt 12 0,0002
ayu 12 0,0002
azl 12 0,0002
bbo 12 0,0002
bbt 12 0,0002
bcz 12 0,0002
bhi 12 0,0002
bjp 12 0,0002
bsb 12 0,0002
bvs 12 0,0002
cbn 12 0,0002
cec 12 0,0002
chf 12 0,0002
cic 12 0,0002
ckd 12 0,0002
clr 12 0,0002
cmt 12 0,0002
cna 12 0,0002
cnh 12 0,0002
cnr 12 0,0002
cot 12 0,0002
cpk 12 0,0002
cvi 12 0,0002
cwa 12 0,0002
dbs 12 0,0002
dhx 12 0,0002
dne 12 0,0002
drt 12 0,0002
dti 12 0,0002
dul 12 0,0002
dyi 12 0,0002
ebb 12 0,0002
ebi 12 0,0002
edm 12 0,0002
eev 12 0,0002
ejb 12 0,0002
eol 12 0,0002
epf 12 0,0002
ere 12 0,0002
etv 12 0,0002
faw 12 0,0002
fes 12 0,0002
fhq 12 0,0002
fma 12 0,0002
gag 12 0,0002
gca 12 0,0002
gea 12 0,0002
gex 12 0,0002
gii 12 0,0002
gni 12 0,0002
gny 12 0,0002
gri 12 0,0002
hga 12 0,0002
hly 12 0,0002
hrg 12 0,0002
hsp 12 0,0002
hwv 12 0,0002
ihl 12 0,0002
ihn 12 0,0002
ijb 12 0,0002
ilf 12 0,0002
ims 12 0,0002
irv 12 0,0002
ite 12 0,0002
itl 12 0,0002
ivą 12 0,0002
jwp 12 0,0002
kaf 12 0,0002
kfm 12 0,0002
kif 12 0,0002
kko 12 0,0002
kpg 12 0,0002
ktg 12 0,0002
kuz 12 0,0002
kyj 12 0,0002
ków 12 0,0002
lav 12 0,0002
lbn 12 0,0002
loh 12 0,0002
luu 12 0,0002
meo 12 0,0002
mrf 12 0,0002
mtg 12 0,0002
mxr 12 0,0002
nah 12 0,0002
nce 12 0,0002
ncr 12 0,0002
ndo 12 0,0002
nds 12 0,0002
ngn 12 0,0002
niw 12 0,0002
nię 12 0,0002
nił 12 0,0002
nll 12 0,0002
nmt 12 0,0002
nzf 12 0,0002
ocp 12 0,0002
onn 12 0,0002
opz 12 0,0002
oru 12 0,0002
oty 12 0,0002
pcs 12 0,0002
pfe 12 0,0002
phe 12 0,0002
pmg 12 0,0002
pmt 12 0,0002
pnc 12 0,0002
prb 12 0,0002
pta 12 0,0002
ptn 12 0,0002
pwa 12 0,0002
pąk 12 0,0002
qar 12 0,0002
qcl 12 0,0002
qso 12 0,0002
rbl 12 0,0002
rbp 12 0,0002
rcp 12 0,0002
rdc 12 0,0002
reż 12 0,0002
rfu 12 0,0002
rky 12 0,0002
rnr 12 0,0002
rrs 12 0,0002
rya 12 0,0002
sck 12 0,0002
scm 12 0,0002
sfc 12 0,0002
sfh 12 0,0002
siv 12 0,0002
src 12 0,0002
ssj 12 0,0002
stm 12 0,0002
sww 12 0,0002
tdm 12 0,0002
teł 12 0,0002
tff 12 0,0002
tfl 12 0,0002
tid 12 0,0002
tkw 12 0,0002
tnk 12 0,0002
tye 12 0,0002
tzo 12 0,0002
tzu 12 0,0002
uab 12 0,0002
udi 12 0,0002
uhl 12 0,0002
uhn 12 0,0002
ums 12 0,0002
urd 12 0,0002
uts 12 0,0002
uvd 12 0,0002
vix 12 0,0002
vop 12 0,0002
vst 12 0,0002
wav 12 0,0002
wdm 12 0,0002
wkw 12 0,0002
wnb 12 0,0002
wru 12 0,0002
wtk 12 0,0002
xcx 12 0,0002
xib 12 0,0002
yeo 12 0,0002
yle 12 0,0002
yul 12 0,0002
zab 12 0,0002
zag 12 0,0002
zch 12 0,0002
zub 12 0,0002
zyx 12 0,0002
aed 11 0,0002
ajd 11 0,0002
aok 11 0,0002
asl 11 0,0002
atd 11 0,0002
auł 11 0,0002
avm 11 0,0002
avs 11 0,0002
awb 11 0,0002
awz 11 0,0002
azm 11 0,0002
bdm 11 0,0002
bry 11 0,0002
btr 11 0,0002
bva 11 0,0002
caa 11 0,0002
cbk 11 0,0002
cbt 11 0,0002
ccr 11 0,0002
ceu 11 0,0002
chs 11 0,0002
cji 11 0,0002
cla 11 0,0002
csg 11 0,0002
csv 11 0,0002
ctr 11 0,0002
ctu 11 0,0002
dbm 11 0,0002
dby 11 0,0002
dcm 11 0,0002
dfp 11 0,0002
dga 11 0,0002
dgb 11 0,0002
dib 11 0,0002
dif 11 0,0002
dky 11 0,0002
dmi 11 0,0002
dst 11 0,0002
dve 11 0,0002
ead 11 0,0002
eam 11 0,0002
ebs 11 0,0002
egy 11 0,0002
eja 11 0,0002
enn 11 0,0002
erk 11 0,0002
evp 11 0,0002
ewo 11 0,0002
fak 11 0,0002
fca 11 0,0002
fmc 11 0,0002
fmg 11 0,0002
fmw 11 0,0002
fsk 11 0,0002
fwp 11 0,0002
gae 11 0,0002
geb 11 0,0002
ghc 11 0,0002
gim 11 0,0002
gjr 11 0,0002
gpc 11 0,0002
grp 11 0,0002
gsa 11 0,0002
guk 11 0,0002
hbc 11 0,0002
hgw 11 0,0002
hmv 11 0,0002
hvi 11 0,0002
iag 11 0,0002
iei 11 0,0002
ikl 11 0,0002
iof 11 0,0002
ipi 11 0,0002
ipo 11 0,0002
iro 11 0,0002
itd 11 0,0002
ive 11 0,0002
jcw 11 0,0002
jee 11 0,0002
kel 11 0,0002
khd 11 0,0002
kps 11 0,0002
ktn 11 0,0002
lci 11 0,0002
lcl 11 0,0002
lef 11 0,0002
leą 11 0,0002
leę 11 0,0002
lfg 11 0,0002
lht 11 0,0002
lsb 11 0,0002
lta 11 0,0002
lur 11 0,0002
maó 11 0,0002
mbk 11 0,0002
mct 11 0,0002
mds 11 0,0002
mkv 11 0,0002
mlg 11 0,0002
mnn 11 0,0002
mns 11 0,0002
msd 11 0,0002
mte 11 0,0002
mąk 11 0,0002
naz 11 0,0002
ncc 11 0,0002
ncd 11 0,0002
ndb 11 0,0002
niv 11 0,0002
niz 11 0,0002
nke 11 0,0002
nml 11 0,0002
nsj 11 0,0002
ntw 11 0,0002
nuo 11 0,0002
nzd 11 0,0002
obj 11 0,0002
oca 11 0,0002
oci 11 0,0002
odp 11 0,0002
oji 11 0,0002
oke 11 0,0002
omc 11 0,0002
omd 11 0,0002
ome 11 0,0002
ors 11 0,0002
otr 11 0,0002
ovw 11 0,0002
pag 11 0,0002
pki 11 0,0002
pkz 11 0,0002
pmd 11 0,0002
pmu 11 0,0002
pof 11 0,0002
poh 11 0,0002
pve 11 0,0002
pwg 11 0,0002
qcd 11 0,0002
rrw 11 0,0002
rti 11 0,0002
rtz 11 0,0002
sah 11 0,0002
sav 11 0,0002
sbv 11 0,0002
scf 11 0,0002
sdf 11 0,0002
sdu 11 0,0002
sef 11 0,0002
skf 11 0,0002
skg 11 0,0002
sle 11 0,0002
smc 11 0,0002
smg 11 0,0002
snl 11 0,0002
spm 11 0,0002
spw 11 0,0002
ssf 11 0,0002
ssą 11 0,0002
stą 11 0,0002
svn 11 0,0002
swu 11 0,0002
szd 11 0,0002
szw 11 0,0002
tdc 11 0,0002
tgx 11 0,0002
tiw 11 0,0002
tmc 11 0,0002
tpp 11 0,0002
trw 11 0,0002
tsc 11 0,0002
tve 11 0,0002
twą 11 0,0002
tzr 11 0,0002
tów 11 0,0002
ubc 11 0,0002
ubx 11 0,0002
uep 11 0,0002
ufg 11 0,0002
ugk 11 0,0002
upu 11 0,0002
użu 11 0,0002
vba 11 0,0002
vbc 11 0,0002
vbk 11 0,0002
vcl 11 0,0002
vek 11 0,0002
vet 11 0,0002
wsn 11 0,0002
xjr 11 0,0002
yah 11 0,0002
yak 11 0,0002
yev 11 0,0002
ykp 11 0,0002
ypj 11 0,0002
yro 11 0,0002
yuk 11 0,0002
zbp 11 0,0002
zcy 11 0,0002
zdk 11 0,0002
zdz 11 0,0002
zgh 11 0,0002
zha 11 0,0002
zsg 11 0,0002
ącz 11 0,0002
łyk 11 0,0002
acl 10 0,0002
agm 10 0,0002
ajt 10 0,0002
akg 10 0,0002
ame 10 0,0002
anj 10 0,0002
apn 10 0,0002
arf 10 0,0002
asu 10 0,0002
asz 10 0,0002
atx 10 0,0002
auk 10 0,0002
avo 10 0,0002
awm 10 0,0002
bce 10 0,0002
bda 10 0,0002
bef 10 0,0002
bhs 10 0,0002
bne 10 0,0002
bpc 10 0,0002
btl 10 0,0002
bób 10 0,0002
ced 10 0,0002
cii 10 0,0002
cil 10 0,0002
ckl 10 0,0002
clj 10 0,0002
cri 10 0,0002
crn 10 0,0002
cts 10 0,0002
cwl 10 0,0002
dbu 10 0,0002
dcg 10 0,0002
ddo 10 0,0002
dft 10 0,0002
dhs 10 0,0002
dnb 10 0,0002
dpm 10 0,0002
dtv 10 0,0002
duh 10 0,0002
dup 10 0,0002
dvl 10 0,0002
eas 10 0,0002
ebv 10 0,0002
ecr 10 0,0002
edp 10 0,0002
edy 10 0,0002
ejs 10 0,0002
eke 10 0,0002
esn 10 0,0002
esu 10 0,0002
etr 10 0,0002
faf 10 0,0002
fid 10 0,0002
fod 10 0,0002
fpl 10 0,0002
fva 10 0,0002
fwz 10 0,0002
fzz 10 0,0002
gck 10 0,0002
grt 10 0,0002
gsp 10 0,0002
gsr 10 0,0002
gtd 10 0,0002
gtw 10 0,0002
haa 10 0,0002
haq 10 0,0002
hav 10 0,0002
hde 10 0,0002
hdw 10 0,0002
hkb 10 0,0002
hob 10 0,0002
hoe 10 0,0002
hre 10 0,0002
hrw 10 0,0002
htv 10 0,0002
huf 10 0,0002
hvm 10 0,0002
iak 10 0,0002
ico 10 0,0002
ifp 10 0,0002
iif 10 0,0002
iir 10 0,0002
imm 10 0,0002
ior 10 0,0002
iri 10 0,0002
isq 10 0,0002
iwf 10 0,0002
jik 10 0,0002
jka 10 0,0002
jlp 10 0,0002
jsf 10 0,0002
kmp 10 0,0002
kow 10 0,0002
krd 10 0,0002
ktw 10 0,0002
lfc 10 0,0002
lgr 10 0,0002
lls 10 0,0002
llą 10 0,0002
lyx 10 0,0002
mcr 10 0,0002
mee 10 0,0002
mko 10 0,0002
mkt 10 0,0002
mlc 10 0,0002
mnc 10 0,0002
moo 10 0,0002
mtt 10 0,0002
muk 10 0,0002
naj 10 0,0002
ndi 10 0,0002
nfd 10 0,0002
ngs 10 0,0002
nhi 10 0,0002
nko 10 0,0002
npp 10 0,0002
nrh 10 0,0002
nue 10 0,0002
odn 10 0,0002
oee 10 0,0002
ogf 10 0,0002
ohp 10 0,0002
olu 10 0,0002
omp 10 0,0002
omx 10 0,0002
opw 10 0,0002
owu 10 0,0002
oyj 10 0,0002
ozi 10 0,0002
ozw 10 0,0002
oża 10 0,0002
pel 10 0,0002
phm 10 0,0002
pif 10 0,0002
plf 10 0,0002
pls 10 0,0002
pną 10 0,0002
prt 10 0,0002
psj 10 0,0002
psw 10 0,0002
psx 10 0,0002
pło 10 0,0002
qrs 10 0,0002
rbu 10 0,0002
rcn 10 0,0002
ref 10 0,0002
rfd 10 0,0002
rmg 10 0,0002
rpc 10 0,0002
rpp 10 0,0002
rtó 10 0,0002
rtą 10 0,0002
ryj 10 0,0002
sdm 10 0,0002
slf 10 0,0002
smt 10 0,0002
sne 10 0,0002
spc 10 0,0002
srt 10 0,0002
sry 10 0,0002
sss 10 0,0002
stc 10 0,0002
stk 10 0,0002
svv 10 0,0002
tah 10 0,0002
tgb 10 0,0002
thi 10 0,0002
tla 10 0,0002
tpk 10 0,0002
tsf 10 0,0002
tsk 10 0,0002
tsw 10 0,0002
ttc 10 0,0002
tth 10 0,0002
ttn 10 0,0002
tvi 10 0,0002
ugg 10 0,0002
uji 10 0,0002
uky 10 0,0002
umd 10 0,0002
unn 10 0,0002
usi 10 0,0002
uwa 10 0,0002
uze 10 0,0002
vae 10 0,0002
vax 10 0,0002
vds 10 0,0002
vit 10 0,0002
vla 10 0,0002
vls 10 0,0002
waw 10 0,0002
wct 10 0,0002
wfd 10 0,0002
wip 10 0,0002
wka 10 0,0002
wpf 10 0,0002
wyn 10 0,0002
wza 10 0,0002
wzm 10 0,0002
ydy 10 0,0002
yoy 10 0,0002
zaz 10 0,0002
zik 10 0,0002
zla 10 0,0002
zmb 10 0,0002
zpd 10 0,0002
zuo 10 0,0002
zók 10 0,0002
óra 10 0,0002
ęce 10 0,0002
łęk 10 0,0002
aai 9 0,0002
aau 9 0,0002
aax 9 0,0002
ahe 9 0,0002
ajb 9 0,0002
aox 9 0,0002
arz 9 0,0002
aun 9 0,0002
avą 9 0,0002
bań 9 0,0002
bcp 9 0,0002
bdc 9 0,0002
bfs 9 0,0002
bnt 9 0,0002
boe 9 0,0002
bse 9 0,0002
btn 9 0,0002
ccf 9 0,0002
cey 9 0,0002
cfd 9 0,0002
chp 9 0,0002
cif 9 0,0002
cls 9 0,0002
cmb 9 0,0002
cml 9 0,0002
coc 9 0,0002
crh 9 0,0002
csh 9 0,0002
ctm 9 0,0002
cuc 9 0,0002
cus 9 0,0002
cwc 9 0,0002
cyk 9 0,0002
dav 9 0,0002
daw 9 0,0002
dde 9 0,0002
dlb 9 0,0002
dnp 9 0,0002
dop 9 0,0002
dsg 9 0,0002
dta 9 0,0002
duz 9 0,0002
dvu 9 0,0002
dys 9 0,0002
ean 9 0,0002
ecl 9 0,0002
edc 9 0,0002
eft 9 0,0002
eio 9 0,0002
eje 9 0,0002
elc 9 0,0002
eom 9 0,0002
epy 9 0,0002
fbs 9 0,0002
fdr 9 0,0002
ffu 9 0,0002
fio 9 0,0002
fip 9 0,0002
fks 9 0,0002
fna 9 0,0002
fnp 9 0,0002
fru 9 0,0002
fwe 9 0,0002
fyl 9 0,0002
gdb 9 0,0002
gep 9 0,0002
gga 9 0,0002
ggv 9 0,0002
gtm 9 0,0002
hap 9 0,0002
hcm 9 0,0002
hdd 9 0,0002
heo 9 0,0002
hid 9 0,0002
hmi 9 0,0002
hri 9 0,0002
htz 9 0,0002
ibc 9 0,0002
idg 9 0,0002
ied 9 0,0002
igr 9 0,0002
ihi 9 0,0002
ijs 9 0,0002
ipe 9 0,0002
irm 9 0,0002
irr 9 0,0002
ish 9 0,0002
isl 9 0,0002
isw 9 0,0002
ity 9 0,0002
ivę 9 0,0002
iwc 9 0,0002
iwę 9 0,0002
ića 9 0,0002
jal 9 0,0002
jgp 9 0,0002
jib 9 0,0002
juk 9 0,0002
kcn 9 0,0002
kjs 9 0,0002
kkh 9 0,0002
koa 9 0,0002
krp 9 0,0002
kse 9 0,0002
ksg 9 0,0002
ksj 9 0,0002
kst 9 0,0002
ktp 9 0,0002
kvp 9 0,0002
lcc 9 0,0002
lcf 9 0,0002
lcr 9 0,0002
leś 9 0,0002
leż 9 0,0002
llu 9 0,0002
lti 9 0,0002
lye 9 0,0002
mav 9 0,0002
mcs 9 0,0002
mdl 9 0,0002
meą 9 0,0002
mft 9 0,0002
mlp 9 0,0002
mmu 9 0,0002
mpf 9 0,0002
mro 9 0,0002
mui 9 0,0002
mut 9 0,0002
mva 9 0,0002
nae 9 0,0002
nih 9 0,0002
nja 9 0,0002
nls 9 0,0002
nmv 9 0,0002
noh 9 0,0002
nsv 9 0,0002
nti 9 0,0002
nyt 9 0,0002
oam 9 0,0002
oas 9 0,0002
oom 9 0,0002
oph 9 0,0002
osd 9 0,0002
oum 9 0,0002
ovp 9 0,0002
oxy 9 0,0002
pbb 9 0,0002
pbo 9 0,0002
pef 9 0,0002
pfm 9 0,0002
pnk 9 0,0002
poc 9 0,0002
poo 9 0,0002
ppt 9 0,0002
pti 9 0,0002
pud 9 0,0002
pul 9 0,0002
pus 9 0,0002
pzo 9 0,0002
pęt 9 0,0002
pła 9 0,0002
rcj 9 0,0002
rgk 9 0,0002
rhi 9 0,0002
rib 9 0,0002
rox 9 0,0002
rpt 9 0,0002
rsx 9 0,0002
rty 9 0,0002
sev 9 0,0002
ską 9 0,0002
sra 9 0,0002
sre 9 0,0002
srv 9 0,0002
sso 9 0,0002
ssz 9 0,0002
stn 9 0,0002
sws 9 0,0002
sxe 9 0,0002
taw 9 0,0002
tbp 9 0,0002
tce 9 0,0002
tch 9 0,0002
tfr 9 0,0002
tkr 9 0,0002
tkz 9 0,0002
tmf 9 0,0002
tmh 9 0,0002
tmm 9 0,0002
tmt 9 0,0002
toz 9 0,0002
tph 9 0,0002
tpv 9 0,0002
trf 9 0,0002
trh 9 0,0002
trm 9 0,0002
tso 9 0,0002
tss 9 0,0002
tvk 9 0,0002
twi 9 0,0002
twr 9 0,0002
uca 9 0,0002
udw 9 0,0002
uer 9 0,0002
uht 9 0,0002
ukd 9 0,0002
ulę 9 0,0002
upp 9 0,0002
utn 9 0,0002
uzp 9 0,0002
vau 9 0,0002
vca 9 0,0002
vdl 9 0,0002
vea 9 0,0002
vfp 9 0,0002
viv 9 0,0002
viz 9 0,0002
vsv 9 0,0002
weh 9 0,0002
whr 9 0,0002
wkz 9 0,0002
wmc 9 0,0002
wst 9 0,0002
xda 9 0,0002
xdr 9 0,0002
xtz 9 0,0002
yar 9 0,0002
yat 9 0,0002
yde 9 0,0002
ypi 9 0,0002
zeh 9 0,0002
zie 9 0,0002
zif 9 0,0002
zir 9 0,0002
zos 9 0,0002
zpk 9 0,0002
łój 9 0,0002
acv 8 0,0001
aft 8 0,0001
afx 8 0,0001
ahs 8 0,0001
aju 8 0,0001
akr 8 0,0001
alh 8 0,0001
amm 8 0,0001
apw 8 0,0001
arb 8 0,0001
arj 8 0,0001
atb 8 0,0001
aul 8 0,0001
aum 8 0,0001
avx 8 0,0001
bap 8 0,0001
bcf 8 0,0001
bct 8 0,0001
bdg 8 0,0001
bdr 8 0,0001
bhk 8 0,0001
bid 8 0,0001
blw 8 0,0001
bpo 8 0,0001
btd 8 0,0001
bth 8 0,0001
buh 8 0,0001
bvd 8 0,0001
bzp 8 0,0001
ccu 8 0,0001
ccv 8 0,0001
cei 8 0,0001
clt 8 0,0001
cmd 8 0,0001
cmi 8 0,0001
cno 8 0,0001
cpt 8 0,0001
cqd 8 0,0001
cso 8 0,0001
cul 8 0,0001
cun 8 0,0001
cym 8 0,0001
cys 8 0,0001
dbx 8 0,0001
dda 8 0,0001
dhc 8 0,0001
dhi 8 0,0001
dhu 8 0,0001
dlo 8 0,0001
dmd 8 0,0001
dmv 8 0,0001
dmz 8 0,0001
dob 8 0,0001
dsf 8 0,0001
dsh 8 0,0001
dva 8 0,0001
dwf 8 0,0001
dąg 8 0,0001
edt 8 0,0001
eel 8 0,0001
efc 8 0,0001
eff 8 0,0001
ehr 8 0,0001
elt 8 0,0001
elę 8 0,0001
erh 8 0,0001
eul 8 0,0001
eup 8 0,0001
eus 8 0,0001
fag 8 0,0001
fff 8 0,0001
ffv 8 0,0001
fhm 8 0,0001
fla 8 0,0001
fmo 8 0,0001
fmv 8 0,0001
foa 8 0,0001
fot 8 0,0001
fou 8 0,0001
fpa 8 0,0001
fpm 8 0,0001
fpu 8 0,0001
fri 8 0,0001
ftl 8 0,0001
fxx 8 0,0001
gci 8 0,0001
gnr 8 0,0001
gom 8 0,0001
gov 8 0,0001
gow 8 0,0001
gtl 8 0,0001
gup 8 0,0001
gwp 8 0,0001
gwr 8 0,0001
hew 8 0,0001
hft 8 0,0001
hlb 8 0,0001
hoz 8 0,0001
hps 8 0,0001
hso 8 0,0001
hva 8 0,0001
icb 8 0,0001
ifm 8 0,0001
ifo 8 0,0001
igp 8 0,0001
igą 8 0,0001
ihc 8 0,0001
inh 8 0,0001
inp 8 0,0001
inu 8 0,0001
irę 8 0,0001
isc 8 0,0001
isr 8 0,0001
ivs 8 0,0001
iwp 8 0,0001
ixa 8 0,0001
jao 8 0,0001
jcc 8 0,0001
jdk 8 0,0001
jey 8 0,0001
jez 8 0,0001
jid 8 0,0001
jiw 8 0,0001
jrg 8 0,0001
jsa 8 0,0001
jvm 8 0,0001
kań 8 0,0001
kfk 8 0,0001
kfz 8 0,0001
kmo 8 0,0001
knm 8 0,0001
ksz 8 0,0001
kuć 8 0,0001
kza 8 0,0001
laa 8 0,0001
lbo 8 0,0001
ldn 8 0,0001
lel 8 0,0001
lfi 8 0,0001
lif 8 0,0001
llo 8 0,0001
lmo 8 0,0001
lra 8 0,0001
lsk 8 0,0001
lsu 8 0,0001
ltu 8 0,0001
luy 8 0,0001
lvt 8 0,0001
lws 8 0,0001
maf 8 0,0001
mał 8 0,0001
mbh 8 0,0001
mcv 8 0,0001
mdf 8 0,0001
mkd 8 0,0001
mmf 8 0,0001
mmh 8 0,0001
mpt 8 0,0001
mpw 8 0,0001
mrk 8 0,0001
msx 8 0,0001
mwm 8 0,0001
mzr 8 0,0001
mól 8 0,0001
ncb 8 0,0001
ncn 8 0,0001
ncp 8 0,0001
nju 8 0,0001
nms 8 0,0001
nnn 8 0,0001
nrb 8 0,0001
nrw 8 0,0001
nsf 8 0,0001
nwd 8 0,0001
nwk 8 0,0001
nys 8 0,0001
nzr 8 0,0001
oav 8 0,0001
odb 8 0,0001
olk 8 0,0001
omy 8 0,0001
opn 8 0,0001
ovb 8 0,0001
oyo 8 0,0001
ołd 8 0,0001
pbr 8 0,0001
peć 8 0,0001
pfr 8 0,0001
phs 8 0,0001
pma 8 0,0001
pmh 8 0,0001
pmv 8 0,0001
prx 8 0,0001
ptu 8 0,0001
ptw 8 0,0001
pua 8 0,0001
pwl 8 0,0001
qun 8 0,0001
qwa 8 0,0001
reh 8 0,0001
reę 8 0,0001
rfp 8 0,0001
rhs 8 0,0001
rlp 8 0,0001
rmp 8 0,0001
rmx 8 0,0001
roz 8 0,0001
rpd 8 0,0001
rrn 8 0,0001
rso 8 0,0001
rsq 8 0,0001
rtd 8 0,0001
ruz 8 0,0001
rws 8 0,0001
rzd 8 0,0001
rzi 8 0,0001
rąb 8 0,0001
saf 8 0,0001
sba 8 0,0001
sfn 8 0,0001
sgb 8 0,0001
skn 8 0,0001
smr 8 0,0001
smu 8 0,0001
snd 8 0,0001
spb 8 0,0001
spt 8 0,0001
stx 8 0,0001
sut 8 0,0001
svb 8 0,0001
svc 8 0,0001
swf 8 0,0001
syk 8 0,0001
szo 8 0,0001
tbl 8 0,0001
tdr 8 0,0001
tew 8 0,0001
thx 8 0,0001
tkm 8 0,0001
tną 8 0,0001
tob 8 0,0001
trą 8 0,0001
tya 8 0,0001
tyl 8 0,0001
tyn 8 0,0001
uas 8 0,0001
ucc 8 0,0001
uge 8 0,0001
ulx 8 0,0001
umą 8 0,0001
unc 8 0,0001
unę 8 0,0001
ury 8 0,0001
uth 8 0,0001
vac 8 0,0001
vak 8 0,0001
vdc 8 0,0001
vki 8 0,0001
vmi 8 0,0001
vnc 8 0,0001
vnm 8 0,0001
voc 8 0,0001
vsi 8 0,0001
vwi 8 0,0001
wbu 8 0,0001
wbw 8 0,0001
wcc 8 0,0001
wgs 8 0,0001
wih 8 0,0001
wkf 8 0,0001
wmm 8 0,0001
wmo 8 0,0001
wol 8 0,0001
woy 8 0,0001
wph 8 0,0001
wpr 8 0,0001
wpt 8 0,0001
wrr 8 0,0001
wtp 8 0,0001
wzt 8 0,0001
xpa 8 0,0001
yaa 8 0,0001
yję 8 0,0001
yol 8 0,0001
yov 8 0,0001
yłę 8 0,0001
zdi 8 0,0001
zdm 8 0,0001
znd 8 0,0001
ćan 8 0,0001
ęga 8 0,0001
łby 8 0,0001
śri 8 0,0001
żuk 8 0,0001
aal 7 0,0001
abg 7 0,0001
abr 7 0,0001
adl 7 0,0001
aen 7 0,0001
agn 7 0,0001
ahy 7 0,0001
akf 7 0,0001
alj 7 0,0001
alz 7 0,0001
amh 7 0,0001
anf 7 0,0001
apm 7 0,0001
asn 7 0,0001
asw 7 0,0001
atl 7 0,0001
azu 7 0,0001
bcm 7 0,0001
bcn 7 0,0001
bev 7 0,0001
beż 7 0,0001
bfa 7 0,0001
bhg 7 0,0001
bkn 7 0,0001
bkp 7 0,0001
bmo 7 0,0001
bns 7 0,0001
bov 7 0,0001
bpi 7 0,0001
bri 7 0,0001
brj 7 0,0001
bss 7 0,0001
btk 7 0,0001
byu 7 0,0001
cak 7 0,0001
cbm 7 0,0001
ccx 7 0,0001
cfb 7 0,0001
cgx 7 0,0001
chc 7 0,0001
cht 7 0,0001
chz 7 0,0001
cią 7 0,0001
ckk 7 0,0001
cku 7 0,0001
clk 7 0,0001
cmr 7 0,0001
coo 7 0,0001
crv 7 0,0001
ctd 7 0,0001
cuy 7 0,0001
cvd 7 0,0001
czp 7 0,0001
cór 7 0,0001
daa 7 0,0001
daz 7 0,0001
dbc 7 0,0001
ddd 7 0,0001
ddu 7 0,0001
deg 7 0,0001
dgn 7 0,0001
dke 7 0,0001
dkg 7 0,0001
dli 7 0,0001
dmf 7 0,0001
doz 7 0,0001
dpf 7 0,0001
drb 7 0,0001
dri 7 0,0001
dsn 7 0,0001
dui 7 0,0001
dwi 7 0,0001
dwp 7 0,0001
eac 7 0,0001
ebe 7 0,0001
ecc 7 0,0001
efe 7 0,0001
efp 7 0,0001
ehu 7 0,0001
ekt 7 0,0001
emf 7 0,0001
ent 7 0,0001
erl 7 0,0001
esb 7 0,0001
eux 7 0,0001
ewr 7 0,0001
fbw 7 0,0001
ffk 7 0,0001
ffl 7 0,0001
fgb 7 0,0001
fgc 7 0,0001
fkp 7 0,0001
fpf 7 0,0001
fpt 7 0,0001
frp 7 0,0001
fyn 7 0,0001
gef 7 0,0001
gew 7 0,0001
gha 7 0,0001
gkn 7 0,0001
glr 7 0,0001
gms 7 0,0001
gnd 7 0,0001
gpo 7 0,0001
guc 7 0,0001
gwd 7 0,0001
hcc 7 0,0001
hcs 7 0,0001
hep 7 0,0001
hfk 7 0,0001
hil 7 0,0001
hmn 7 0,0001
hov 7 0,0001
hpc 7 0,0001
hpl 7 0,0001
hss 7 0,0001
iae 7 0,0001
ibj 7 0,0001
icf 7 0,0001
icv 7 0,0001
idt 7 0,0001
ifg 7 0,0001
ikc 7 0,0001
imv 7 0,0001
inj 7 0,0001
iru 7 0,0001
isz 7 0,0001
itb 7 0,0001
ith 7 0,0001
itk 7 0,0001
iuż 7 0,0001
jaa 7 0,0001
jcb 7 0,0001
jcm 7 0,0001
jel 7 0,0001
jew 7 0,0001
jig 7 0,0001
jjk 7 0,0001
jmp 7 0,0001
jpa 7 0,0001
jpl 7 0,0001
jrr 7 0,0001
jts 7 0,0001
jub 7 0,0001
jęk 7 0,0001
kae 7 0,0001
kau 7 0,0001
kdb 7 0,0001
kdf 7 0,0001
kdk 7 0,0001
kdl 7 0,0001
kdm 7 0,0001
kft 7 0,0001
kka 7 0,0001
kkr 7 0,0001
ksr 7 0,0001
ktb 7 0,0001
kym 7 0,0001
lah 7 0,0001
lcm 7 0,0001
ldr 7 0,0001
leć 7 0,0001
lfs 7 0,0001
lib 7 0,0001
lią 7 0,0001
lko 7 0,0001
llm 7 0,0001
llt 7 0,0001
lma 7 0,0001
lny 7 0,0001
lpc 7 0,0001
lsa 7 0,0001
lsm 7 0,0001
lsp 7 0,0001
ltc 7 0,0001
ltl 7 0,0001
lue 7 0,0001
lzp 7 0,0001
mbg 7 0,0001
mbt 7 0,0001
mcu 7 0,0001
mfj 7 0,0001
mfm 7 0,0001
mgp 7 0,0001
mih 7 0,0001
mnb 7 0,0001
mnk 7 0,0001
mnm 7 0,0001
mnr 7 0,0001
mpv 7 0,0001
mst 7 0,0001
mtz 7 0,0001
mul 7 0,0001
mwc 7 0,0001
mwt 7 0,0001
nap 7 0,0001
nck 7 0,0001
nex 7 0,0001
nfs 7 0,0001
nhm 7 0,0001
nhs 7 0,0001
nif 7 0,0001
nji 7 0,0001
nkk 7 0,0001
nng 7 0,0001
npw 7 0,0001
nul 7 0,0001
nuż 7 0,0001
nva 7 0,0001
nwf 7 0,0001
nzl 7 0,0001
ock 7 0,0001
odu 7 0,0001
ohm 7 0,0001
olc 7 0,0001
olm 7 0,0001
omb 7 0,0001
omg 7 0,0001
onu 7 0,0001
oov 7 0,0001
opi 7 0,0001
opo 7 0,0001
otl 7 0,0001
ots 7 0,0001
pdb 7 0,0001
pey 7 0,0001
pfd 7 0,0001
pkf 7 0,0001
plr 7 0,0001
plz 7 0,0001
pox 7 0,0001
ppb 7 0,0001
ppc 7 0,0001
ppw 7 0,0001
pto 7 0,0001
pvb 7 0,0001
pwp 7 0,0001
pws 7 0,0001
pwu 7 0,0001
pxa 7 0,0001
pyo 7 0,0001
póz 7 0,0001
qnx 7 0,0001
qtc 7 0,0001
rax 7 0,0001
rdn 7 0,0001
rdt 7 0,0001
rdu 7 0,0001
rfl 7 0,0001
rof 7 0,0001
rog 7 0,0001
rra 7 0,0001
rrt 7 0,0001
rto 7 0,0001
rug 7 0,0001
ruą 7 0,0001
ryl 7 0,0001
sbl 7 0,0001
sbo 7 0,0001
sbx 7 0,0001
scj 7 0,0001
scz 7 0,0001
sdn 7 0,0001
sdt 7 0,0001
sgm 7 0,0001
sgs 7 0,0001
sib 7 0,0001
slu 7 0,0001
snb 7 0,0001
sod 7 0,0001
spz 7 0,0001
sqn 7 0,0001
sve 7 0,0001
svx 7 0,0001
szs 7 0,0001
sóc 7 0,0001
tcd 7 0,0001
tcg 7 0,0001
tgd 7 0,0001
thb 7 0,0001
tlw 7 0,0001
tmz 7 0,0001
toh 7 0,0001
tpc 7 0,0001
trs 7 0,0001
tsó 7 0,0001
tup 7 0,0001
tva 7 0,0001
tvl 7 0,0001
tyk 7 0,0001
tyt 7 0,0001
tór 7 0,0001
uek 7 0,0001
uen 7 0,0001
uid 7 0,0001
umf 7 0,0001
unu 7 0,0001
upw 7 0,0001
urm 7 0,0001
urp 7 0,0001
uus 7 0,0001
uyl 7 0,0001
vbe 7 0,0001
vbr 7 0,0001
vdb 7 0,0001
vfc 7 0,0001
vno 7 0,0001
vob 7 0,0001
vra 7 0,0001
vso 7 0,0001
vus 7 0,0001
vut 7 0,0001
wab 7 0,0001
wak 7 0,0001
wcf 7 0,0001
wgt 7 0,0001
whs 7 0,0001
wid 7 0,0001
wkk 7 0,0001
wor 7 0,0001
wsc 7 0,0001
wyr 7 0,0001
wzd 7 0,0001
xfp 7 0,0001
xjs 7 0,0001
xlr 7 0,0001
xmm 7 0,0001
xms 7 0,0001
xpi 7 0,0001
yax 7 0,0001
yih 7 0,0001
yną 7 0,0001
yri 7 0,0001
yta 7 0,0001
ytd 7 0,0001
ytv 7 0,0001
yłą 7 0,0001
zeo 7 0,0001
zez 7 0,0001
zki 7 0,0001
zom 7 0,0001
zpm 7 0,0001
zpw 7 0,0001
zsu 7 0,0001
óis 7 0,0001
łom 7 0,0001
ług 7 0,0001
ści 7 0,0001
żem 7 0,0001
żuć 7 0,0001
aak 6 0,0001
acd 6 0,0001
adh 6 0,0001
aet 6 0,0001
agg 6 0,0001
ahr 6 0,0001
ajo 6 0,0001
alv 6 0,0001
aló 6 0,0001
anm 6 0,0001
atw 6 0,0001
auw 6 0,0001
avp 6 0,0001
azz 6 0,0001
ażi 6 0,0001
bbm 6 0,0001
bjn 6 0,0001
bkg 6 0,0001
blh 6 0,0001
bnc 6 0,0001
bpg 6 0,0001
bpp 6 0,0001
brk 6 0,0001
bsl 6 0,0001
btm 6 0,0001
buł 6 0,0001
bzt 6 0,0001
bzy 6 0,0001
cag 6 0,0001
cbi 6 0,0001
cbw 6 0,0001
cdo 6 0,0001
cek 6 0,0001
cff 6 0,0001
chd 6 0,0001
cjm 6 0,0001
ckz 6 0,0001
clg 6 0,0001
clv 6 0,0001
cmg 6 0,0001
cmv 6 0,0001
cny 6 0,0001
coi 6 0,0001
cov 6 0,0001
coy 6 0,0001
crx 6 0,0001
cst 6 0,0001
cto 6 0,0001
cue 6 0,0001
cuq 6 0,0001
cvp 6 0,0001
cwk 6 0,0001
cyg 6 0,0001
dau 6 0,0001
dbf 6 0,0001
dbp 6 0,0001
dcd 6 0,0001
dcl 6 0,0001
deh 6 0,0001
dff 6 0,0001
dfl 6 0,0001
dgc 6 0,0001
dmb 6 0,0001
dnf 6 0,0001
dnu 6 0,0001
dsq 6 0,0001
dtc 6 0,0001
dth 6 0,0001
duu 6 0,0001
duy 6 0,0001
dwm 6 0,0001
dźi 6 0,0001
ebo 6 0,0001
egf 6 0,0001
egi 6 0,0001
egr 6 0,0001
ehb 6 0,0001
ehs 6 0,0001
ejn 6 0,0001
ekk 6 0,0001
emw 6 0,0001
eoc 6 0,0001
epd 6 0,0001
erf 6 0,0001
eti 6 0,0001
etl 6 0,0001
eua 6 0,0001
exa 6 0,0001
fax 6 0,0001
feb 6 0,0001
ffi 6 0,0001
fgf 6 0,0001
fib 6 0,0001
fli 6 0,0001
flm 6 0,0001
fmf 6 0,0001
fnk 6 0,0001
fnm 6 0,0001
fom 6 0,0001
fpd 6 0,0001
fpi 6 0,0001
fse 6 0,0001
ftv 6 0,0001
fua 6 0,0001
fud 6 0,0001
gał 6 0,0001
gbo 6 0,0001
gbr 6 0,0001
geu 6 0,0001
glm 6 0,0001
gls 6 0,0001
gly 6 0,0001
gmd 6 0,0001
goz 6 0,0001
goń 6 0,0001
grd 6 0,0001
grh 6 0,0001
gsf 6 0,0001
gso 6 0,0001
gtv 6 0,0001
gud 6 0,0001
guó 6 0,0001
gwc 6 0,0001
gws 6 0,0001
gzy 6 0,0001
hdv 6 0,0001
hes 6 0,0001
hha 6 0,0001
hiż 6 0,0001
hjo 6 0,0001
hkd 6 0,0001
hkm 6 0,0001
hmc 6 0,0001
hmd 6 0,0001
hrd 6 0,0001
ibe 6 0,0001
ibv 6 0,0001
icq 6 0,0001
idw 6 0,0001
ier 6 0,0001
igf 6 0,0001
ihm 6 0,0001
iho 6 0,0001
ijp 6 0,0001
ikf 6 0,0001
iki 6 0,0001
ikn 6 0,0001
ilz 6 0,0001
isk 6 0,0001
ivr 6 0,0001
ixc 6 0,0001
ixi 6 0,0001
ixv 6 0,0001
iyo 6 0,0001
jap 6 0,0001
jdp 6 0,0001
jip 6 0,0001
jis 6 0,0001
jla 6 0,0001
jls 6 0,0001
jmb 6 0,0001
joa 6 0,0001
jst 6 0,0001
kav 6 0,0001
kcs 6 0,0001
keg 6 0,0001
kfa 6 0,0001
kgl 6 0,0001
khs 6 0,0001
kkd 6 0,0001
klh 6 0,0001
kly 6 0,0001
kox 6 0,0001
koz 6 0,0001
kwn 6 0,0001
kye 6 0,0001
kys 6 0,0001
lbc 6 0,0001
lbs 6 0,0001
lct 6 0,0001
lfl 6 0,0001
lhd 6 0,0001
lke 6 0,0001
lkj 6 0,0001
lmc 6 0,0001
lmu 6 0,0001
lpd 6 0,0001
lpf 6 0,0001
lph 6 0,0001
lpi 6 0,0001
lsi 6 0,0001
lsw 6 0,0001
ltr 6 0,0001
ltz 6 0,0001
lvr 6 0,0001
lzw 6 0,0001
mdd 6 0,0001
mdh 6 0,0001
mdi 6 0,0001
mdx 6 0,0001
mga 6 0,0001
mgs 6 0,0001
mki 6 0,0001
mlk 6 0,0001
mpg 6 0,0001
mpm 6 0,0001
mra 6 0,0001
msl 6 0,0001
msu 6 0,0001
msy 6 0,0001
mtc 6 0,0001
muj 6 0,0001
mvg 6 0,0001
myt 6 0,0001
ncm 6 0,0001
ngi 6 0,0001
ngt 6 0,0001
njd 6 0,0001
nma 6 0,0001
nnd 6 0,0001
noz 6 0,0001
npb 6 0,0001
npv 6 0,0001
nri 6 0,0001
nse 6 0,0001
nsg 6 0,0001
nsn 6 0,0001
nsp 6 0,0001
nss 6 0,0001
ntk 6 0,0001
nto 6 0,0001
nww 6 0,0001
oar 6 0,0001
oft 6 0,0001
okk 6 0,0001
ool 6 0,0001
ope 6 0,0001
osg 6 0,0001
osu 6 0,0001
osv 6 0,0001
oux 6 0,0001
ovy 6 0,0001
owd 6 0,0001
oxa 6 0,0001
ozz 6 0,0001
oła 6 0,0001
oły 6 0,0001
pbc 6 0,0001
pbw 6 0,0001
pcl 6 0,0001
pcn 6 0,0001
pde 6 0,0001
pdo 6 0,0001
pem 6 0,0001
pfs 6 0,0001
pft 6 0,0001
pgd 6 0,0001
piu 6 0,0001
pkv 6 0,0001
ple 6 0,0001
pnd 6 0,0001
pne 6 0,0001
pns 6 0,0001
pnz 6 0,0001
poy 6 0,0001
ppo 6 0,0001
prg 6 0,0001
pry 6 0,0001
pso 6 0,0001
pwd 6 0,0001
qax 6 0,0001
rcb 6 0,0001
rcf 6 0,0001
rco 6 0,0001
rdh 6 0,0001
reu 6 0,0001
rgg 6 0,0001
rgm 6 0,0001
rhd 6 0,0001
rjn 6 0,0001
rlc 6 0,0001
rli 6 0,0001
rln 6 0,0001
rls 6 0,0001
rtb 6 0,0001
rvm 6 0,0001
ryz 6 0,0001
sbc 6 0,0001
sbr 6 0,0001
scg 6 0,0001
scs 6 0,0001
scv 6 0,0001
sdl 6 0,0001
sdo 6 0,0001
sfk 6 0,0001
sga 6 0,0001
sgt 6 0,0001
sju 6 0,0001
slp 6 0,0001
smi 6 0,0001
snq 6 0,0001
soh 6 0,0001
spg 6 0,0001
sph 6 0,0001
srx 6 0,0001
ssq 6 0,0001
tbi 6 0,0001
tdk 6 0,0001
teg 6 0,0001
thh 6 0,0001
tkf 6 0,0001
tmg 6 0,0001
tmr 6 0,0001
tmv 6 0,0001
tnf 6 0,0001
tny 6 0,0001
tsx 6 0,0001
tsz 6 0,0001
ttf 6 0,0001
ttv 6 0,0001
tuj 6 0,0001
tót 6 0,0001
udt 6 0,0001
ued 6 0,0001
uil 6 0,0001
uit 6 0,0001
upo 6 0,0001
usw 6 0,0001
usz 6 0,0001
uto 6 0,0001
uww 6 0,0001
uza 6 0,0001
uży 6 0,0001
vaa 6 0,0001
vam 6 0,0001
vbi 6 0,0001
vco 6 0,0001
vcr 6 0,0001
vec 6 0,0001
vei 6 0,0001
veu 6 0,0001
vld 6 0,0001
vma 6 0,0001
wcs 6 0,0001
wdp 6 0,0001
wfc 6 0,0001
wkr 6 0,0001
wmv 6 0,0001
wmw 6 0,0001
wna 6 0,0001
woc 6 0,0001
wod 6 0,0001
wre 6 0,0001
wsa 6 0,0001
wsu 6 0,0001
wtr 6 0,0001
wtz 6 0,0001
wun 6 0,0001
wvc 6 0,0001
xff 6 0,0001
xfx 6 0,0001
xgp 6 0,0001
yaz 6 0,0001
yed 6 0,0001
yem 6 0,0001
yga 6 0,0001
ysl 6 0,0001
yuv 6 0,0001
yzń 6 0,0001
zaw 6 0,0001
zał 6 0,0001
zdy 6 0,0001
zep 6 0,0001
zev 6 0,0001
zge 6 0,0001
zhs 6 0,0001
zib 6 0,0001
zió 6 0,0001
zpl 6 0,0001
zss 6 0,0001
ztl 6 0,0001
ztr 6 0,0001
zuk 6 0,0001
zwp 6 0,0001
ęck 6 0,0001
łam 6 0,0001
łej 6 0,0001
łut 6 0,0001
5578413
