na 1864833 27,5553
do 1337689 19,7661
od 535263 7,9092
po 437197 6,4602
to 254215 3,7564
za 204920 3,0280
że 199658 2,9502
ze 170066 2,5129
są 160876 2,3772
we 147263 2,1760
co 103584 1,5306
ii 87998 1,3003
ma 80904 1,1955
go 79921 1,1809
de 69116 1,0213
on 51152 0,7558
of 48939 0,7231
mu 48094 0,7107
km 47899 0,7078
nr 47659 0,7042
ją 40493 0,5983
te 38842 0,5739
by 34178 0,5050
ta 32607 0,4818
xx 32548 0,4809
tu 32420 0,4790
je 27838 0,4113
la 23559 0,3481
aż 22827 0,3373
iż 21470 0,3172
in 17765 0,2625
iv 16207 0,2395
tę 15737 0,2325
im 15255 0,2254
sn 13286 0,1963
mm 11673 0,1725
le 10838 0,1601
fc 9651 0,1426
ku 9592 0,1417
cm 8582 0,1268
vi 8497 0,1256
xv 8190 0,1210
di 7452 0,1101
rp 7194 0,1063
dr 7109 0,1050
da 6498 0,0960
tą 6415 0,0948
us 6040 0,0892
bo 5470 0,0808
ix 5276 0,0780
el 5261 0,0777
kc 4802 0,0710
xi 4712 0,0696
my 4655 0,0688
ha 4618 0,0682
kg 4263 0,0630
me 4126 0,0610
an 4038 0,0597
ak 4002 0,0591
du 3882 0,0574
et 3873 0,0572
ss 3871 0,0572
as 3784 0,0559
em 3675 0,0543
no 3518 0,0520
cd 3496 0,0517
am 3436 0,0508
re 3406 0,0503
ex 3368 0,0498
ci 3063 0,0453
al 3030 0,0448
fk 2951 0,0436
en 2887 0,0427
ia 2876 0,0425
is 2841 0,0420
sc 2792 0,0413
st 2536 0,0375
sa 2421 0,0358
tv 2277 0,0336
at 2268 0,0335
it 2189 0,0323
io 2004 0,0296
ka 1922 0,0284
ng 1858 0,0275
bp 1838 0,0272
ja 1819 0,0269
sg 1773 0,0262
ne 1765 0,0261
mk 1751 0,0259
es 1731 0,0256
ks 1712 0,0253
pp 1702 0,0251
mi 1700 0,0251
th 1676 0,0248
uk 1667 0,0246
gt 1660 0,0245
ów 1622 0,0240
il 1613 0,0238
ad 1597 0,0236
be 1584 0,0234
oś 1584 0,0234
dj 1521 0,0225
pl 1485 0,0219
wp 1451 0,0214
zł 1444 0,0213
up 1380 0,0204
li 1363 0,0201
kw 1326 0,0196
ac 1272 0,0188
dp 1271 0,0188
ył 1248 0,0184
os 1226 0,0181
ek 1211 0,0179
gp 1176 0,0174
ue 1170 0,0173
kl 1166 0,0172
or 1151 0,0170
if 1070 0,0158
mg 1022 0,0151
ic 1015 0,0150
he 1009 0,0149
sv 1002 0,0148
nk 993 0,0147
so 977 0,0144
ge 967 0,0143
ki 947 0,0140
wg 946 0,0140
ho 941 0,0139
ar 930 0,0137
lo 922 0,0136
ms 910 0,0134
ok 903 0,0133
lu 893 0,0132
er 882 0,0130
un 872 0,0129
mo 848 0,0125
pe 842 0,0124
zu 842 0,0124
ag 823 0,0122
ri 822 0,0121
ić 815 0,0120
ch 814 0,0120
sk 809 0,0120
cs 805 0,0119
ra 802 0,0119
mt 779 0,0115
ep 776 0,0115
mb 773 0,0114
se 764 0,0113
sm 764 0,0113
ur 758 0,0112
si 751 0,0111
ko 745 0,0110
hd 739 0,0109
az 738 0,0109
pc 737 0,0109
sd 725 0,0107
ji 721 0,0107
rn 712 0,0105
uw 712 0,0105
ty 710 0,0105
ca 709 0,0105
ti 704 0,0104
ba 697 0,0103
ab 695 0,0103
dc 694 0,0103
ll 690 0,0102
ck 689 0,0102
ve 664 0,0098
ie 661 0,0098
kv 660 0,0098
ed 647 0,0096
fm 632 0,0093
fi 621 0,0092
ub 615 0,0091
rc 609 0,0090
cf 606 0,0090
hc 596 0,0088
au 594 0,0088
ph 592 0,0087
sp 589 0,0087
uj 587 0,0087
ez 575 0,0085
ds 563 0,0083
ny 558 0,0082
ni 554 0,0082
sb 554 0,0082
jo 522 0,0077
wu 509 0,0075
lp 494 0,0073
rd 492 0,0073
ec 487 0,0072
ov 466 0,0069
ce 452 0,0067
nh 449 0,0066
ry 448 0,0066
ir 447 0,0066
bk 442 0,0065
ts 434 0,0064
fa 427 0,0063
pa 424 0,0063
nt 423 0,0063
mc 405 0,0060
nm 403 0,0060
id 402 0,0059
ip 402 0,0059
kp 399 0,0059
rs 399 0,0059
mw 396 0,0059
op 395 0,0058
gs 390 0,0058
mp 384 0,0057
ud 384 0,0057
bf 382 0,0056
fe 382 0,0056
ya 379 0,0056
hk 378 0,0056
ps 377 0,0056
ai 374 0,0055
fu 374 0,0055
ga 373 0,0055
rg 370 0,0055
yu 370 0,0055
ap 369 0,0055
nd 366 0,0054
oz 366 0,0054
aj 362 0,0053
db 359 0,0053
hs 358 0,0053
rk 358 0,0053
lc 355 0,0052
np 354 0,0052
gb 351 0,0052
xu 351 0,0052
jr 349 0,0052
ju 348 0,0051
om 344 0,0051
wa 337 0,0050
ml 336 0,0050
oh 336 0,0050
ow 336 0,0050
sl 335 0,0050
ke 334 0,0049
jw 325 0,0048
pr 321 0,0047
ea 319 0,0047
nu 319 0,0047
sz 318 0,0047
su 316 0,0047
ao 315 0,0047
rb 315 0,0047
kb 307 0,0045
aa 302 0,0045
hl 302 0,0045
yi 301 0,0044
bu 299 0,0044
ul 299 0,0044
ob 295 0,0044
gl 294 0,0043
ky 292 0,0043
dz 289 0,0043
tz 288 0,0043
hb 281 0,0042
og 281 0,0042
tt 281 0,0042
cy 279 0,0041
pd 273 0,0040
ib 259 0,0038
tp 256 0,0038
kk 255 0,0038
ln 252 0,0037
ns 252 0,0037
cr 251 0,0037
hp 250 0,0037
bm 249 0,0037
ig 248 0,0037
iz 248 0,0037
um 248 0,0037
ik 244 0,0036
ot 243 0,0036
ay 239 0,0035
gm 239 0,0035
hu 238 0,0035
mr 238 0,0035
ly 234 0,0035
xp 234 0,0035
zg 231 0,0034
dh 230 0,0034
af 229 0,0034
ff 228 0,0034
gi 226 0,0033
pk 225 0,0033
sy 225 0,0033
tr 224 0,0033
fn 222 0,0033
lm 222 0,0033
ro 221 0,0033
hm 220 0,0033
fw 219 0,0032
mx 219 0,0032
kn 217 0,0032
ol 214 0,0032
ae 212 0,0031
ld 210 0,0031
va 209 0,0031
hi 205 0,0030
zm 205 0,0030
lg 204 0,0030
vu 204 0,0030
cl 203 0,0030
yd 203 0,0030
ru 202 0,0030
dt 200 0,0030
ah 199 0,0029
gg 199 0,0029
bc 198 0,0029
sj 196 0,0029
cb 195 0,0029
ev 195 0,0029
kd 195 0,0029
ej 190 0,0028
pw 190 0,0028
av 189 0,0028
cc 189 0,0028
ou 187 0,0028
mf 184 0,0027
dk 183 0,0027
fr 183 0,0027
cp 182 0,0027
pu 179 0,0026
fx 178 0,0026
rr 178 0,0026
ęg 178 0,0026
eu 177 0,0026
kf 177 0,0026
vs 177 0,0026
lb 176 0,0026
vw 176 0,0026
cw 174 0,0026
rv 174 0,0026
sf 174 0,0026
sr 174 0,0026
tk 174 0,0026
tc 172 0,0025
ug 171 0,0025
pt 170 0,0025
gr 168 0,0025
js 168 0,0025
tb 167 0,0025
xl 167 0,0025
rl 165 0,0024
ut 165 0,0024
św 165 0,0024
dd 162 0,0024
pi 160 0,0024
bi 159 0,0023
dm 158 0,0023
hz 158 0,0023
bs 157 0,0023
fs 153 0,0023
kh 153 0,0023
dy 152 0,0022
rt 152 0,0022
sw 151 0,0022
zf 151 0,0022
iq 150 0,0022
gz 148 0,0022
jg 148 0,0022
dl 147 0,0022
br 146 0,0022
tf 146 0,0022
rz 145 0,0021
zs 145 0,0021
bv 144 0,0021
yo 143 0,0021
ua 141 0,0021
gy 140 0,0021
hr 139 0,0021
uc 139 0,0021
ye 138 0,0020
gu 135 0,0020
tj 133 0,0020
lz 132 0,0020
pm 132 0,0020
wo 131 0,0019
dw 130 0,0019
kt 130 0,0019
wy 130 0,0019
cv 129 0,0019
aw 128 0,0019
bb 128 0,0019
kz 128 0,0019
ew 127 0,0019
oa 126 0,0019
ef 125 0,0018
fo 124 0,0018
ih 124 0,0018
nl 124 0,0018
bt 123 0,0018
cu 123 0,0018
cz 122 0,0018
zx 122 0,0018
ls 121 0,0018
uv 120 0,0018
zw 120 0,0018
zy 120 0,0018
fl 119 0,0018
gd 119 0,0018
lr 118 0,0017
eb 117 0,0017
mv 117 0,0017
nn 117 0,0017
pn 115 0,0017
pz 115 0,0017
md 113 0,0017
vp 112 0,0017
cj 111 0,0016
tg 110 0,0016
jc 108 0,0016
qi 107 0,0016
tm 107 0,0016
tw 107 0,0016
hh 106 0,0016
zi 105 0,0016
ax 104 0,0015
hn 104 0,0015
nz 104 0,0015
wj 104 0,0015
rm 103 0,0015
ft 101 0,0015
wd 101 0,0015
dn 100 0,0015
jk 100 0,0015
lt 99 0,0015
pf 98 0,0014
pg 98 0,0014
gc 97 0,0014
bz 96 0,0014
bl 95 0,0014
wb 95 0,0014
bj 94 0,0014
fv 94 0,0014
bd 93 0,0014
hg 93 0,0014
oe 93 0,0014
cn 92 0,0014
ct 92 0,0014
ei 92 0,0014
hf 92 0,0014
dx 89 0,0013
kę 89 0,0013
nb 89 0,0013
rw 89 0,0013
fb 88 0,0013
nx 85 0,0013
sh 85 0,0013
qf 84 0,0012
vc 84 0,0012
bg 83 0,0012
hy 83 0,0012
ee 82 0,0012
ht 82 0,0012
vb 82 0,0012
vk 82 0,0012
vy 82 0,0012
oc 81 0,0012
lk 80 0,0012
nw 80 0,0012
lf 78 0,0012
py 77 0,0011
fp 76 0,0011
jj 76 0,0011
uo 76 0,0011
zz 75 0,0011
cx 74 0,0011
kr 74 0,0011
mn 74 0,0011
td 74 0,0011
wc 74 0,0011
gw 73 0,0011
iu 73 0,0011
vv 73 0,0011
fg 72 0,0011
ww 72 0,0011
eg 71 0,0010
vo 71 0,0010
bn 70 0,0010
gj 70 0,0010
qt 70 0,0010
wf 70 0,0010
mz 69 0,0010
pj 69 0,0010
bh 68 0,0010
ey 68 0,0010
oo 68 0,0010
lw 67 0,0010
uf 67 0,0010
aq 66 0,0010
eh 66 0,0010
ws 66 0,0010
dg 64 0,0009
df 63 0,0009
jd 63 0,0009
pb 63 0,0009
xd 63 0,0009
jh 62 0,0009
lx 62 0,0009
jp 61 0,0009
cq 60 0,0009
wk 60 0,0009
zk 60 0,0009
gk 59 0,0009
oi 59 0,0009
wm 59 0,0009
gh 58 0,0009
nc 58 0,0009
qu 57 0,0008
uz 56 0,0008
bx 55 0,0008
cg 55 0,0008
zj 55 0,0008
eo 54 0,0008
bw 53 0,0008
hj 53 0,0008
oy 53 0,0008
sx 53 0,0008
vm 53 0,0008
dv 52 0,0008
eq 52 0,0008
gn 52 0,0008
jb 52 0,0008
lv 52 0,0008
tl 52 0,0008
zr 52 0,0008
jm 50 0,0007
dq 49 0,0007
lh 49 0,0007
lj 49 0,0007
fd 48 0,0007
fh 48 0,0007
gf 48 0,0007
oj 48 0,0007
pł 48 0,0007
wr 48 0,0007
zb 47 0,0007
iw 46 0,0007
nf 46 0,0007
jt 45 0,0007
ui 45 0,0007
xm 45 0,0007
ón 45 0,0007
wt 42 0,0006
hv 41 0,0006
rf 41 0,0006
rh 41 0,0006
rx 41 0,0006
jn 40 0,0006
ys 40 0,0006
bq 39 0,0006
fj 39 0,0006
uh 39 0,0006
ux 39 0,0006
ór 39 0,0006
fy 38 0,0006
kj 38 0,0006
ką 38 0,0006
ną 38 0,0006
pv 38 0,0006
hq 37 0,0005
jl 36 0,0005
yj 36 0,0005
gq 35 0,0005
gx 35 0,0005
vg 35 0,0005
vx 35 0,0005
xt 35 0,0005
cą 34 0,0005
nv 34 0,0005
xr 34 0,0005
gv 33 0,0005
jv 33 0,0005
px 33 0,0005
vt 33 0,0005
yg 33 0,0005
zo 33 0,0005
ąg 33 0,0005
wh 32 0,0005
wi 32 0,0005
tn 31 0,0005
xy 31 0,0005
zp 31 0,0005
hx 30 0,0004
ij 29 0,0004
qs 29 0,0004
ró 29 0,0004
wz 29 0,0004
ąk 29 0,0004
fq 28 0,0004
fz 28 0,0004
jz 28 0,0004
mh 28 0,0004
yć 28 0,0004
će 28 0,0004
rą 27 0,0004
hw 26 0,0004
vr 26 0,0004
mj 25 0,0004
ox 25 0,0004
wl 25 0,0004
xa 24 0,0004
pq 23 0,0003
rj 23 0,0003
vj 22 0,0003
jf 21 0,0003
nj 21 0,0003
rę 21 0,0003
xc 21 0,0003
zd 21 0,0003
qr 20 0,0003
xe 20 0,0003
ym 20 0,0003
zl 20 0,0003
zn 20 0,0003
bł 19 0,0003
ił 19 0,0003
jq 19 0,0003
kx 19 0,0003
lą 19 0,0003
ql 19 0,0003
iy 18 0,0003
nę 18 0,0003
qq 18 0,0003
tx 18 0,0003
kq 17 0,0003
lę 17 0,0003
nó 17 0,0003
qx 17 0,0003
wn 17 0,0003
ća 17 0,0003
jx 16 0,0002
jy 16 0,0002
lq 16 0,0002
mq 16 0,0002
mą 16 0,0002
sq 16 0,0002
uż 16 0,0002
vf 16 0,0002
ód 16 0,0002
qa 15 0,0002
sę 15 0,0002
bó 14 0,0002
gó 14 0,0002
xb 14 0,0002
yn 14 0,0002
ęk 14 0,0002
cę 13 0,0002
uy 13 0,0002
wś 13 0,0002
xj 13 0,0002
yr 13 0,0002
zt 13 0,0002
zą 13 0,0002
zę 13 0,0002
aś 12 0,0002
nq 12 0,0002
qb 12 0,0002
qm 12 0,0002
xf 12 0,0002
xo 12 0,0002
eś 11 0,0002
mę 11 0,0002
qc 11 0,0002
qh 11 0,0002
xs 11 0,0002
yt 11 0,0002
ój 11 0,0002
ło 11 0,0002
oł 10 0,0001
xk 9 0,0001
gą 8 0,0001
tq 8 0,0001
uł 8 0,0001
vl 8 0,0001
vę 8 0,0001
qd 7 0,0001
qk 7 0,0001
qv 7 0,0001
qz 7 0,0001
uq 7 0,0001
uu 7 0,0001
vh 7 0,0001
ła 7 0,0001
łi 7 0,0001
6767595
